# Image list with two lines of data per image:
#   IMAGE_ID, QW, QX, QY, QZ, TX, TY, TZ, CAMERA_ID, NAME
#   POINTS2D[] as (X, Y, POINT3D_ID)
1 0.503330 0.499461 -0.503795 0.493344 0.039542 0.076886 -0.067222 1 00001.png
0.0 0.0 -1
2 0.503329 0.499460 -0.503799 0.493341 0.039528 0.076894 -0.067203 1 00002.png
0.0 0.0 -1
3 0.503334 0.499458 -0.503790 0.493347 0.039552 0.076860 -0.067311 1 00003.png
0.0 0.0 -1
4 0.503355 0.499433 -0.503795 0.493347 0.039638 0.076743 -0.067550 1 00004.png
0.0 0.0 -1
5 0.503348 0.499445 -0.503792 0.493345 0.039545 0.076757 -0.067107 1 00005.png
0.0 0.0 -1
6 0.503257 0.499547 -0.503718 0.493410 0.039378 0.077112 -0.067324 1 00006.png
0.0 0.0 -1
7 0.503249 0.499560 -0.503708 0.493415 0.039405 0.077098 -0.067075 1 00007.png
0.0 0.0 -1
8 0.503247 0.499566 -0.503695 0.493424 0.039390 0.077068 -0.066463 1 00008.png
0.0 0.0 -1
9 0.503240 0.499553 -0.503719 0.493420 0.039313 0.077098 -0.066382 1 00009.png
0.0 0.0 -1
10 0.503260 0.499584 -0.503697 0.493391 0.039003 0.077148 -0.066062 1 00010.png
0.0 0.0 -1
11 0.503256 0.499552 -0.503703 0.493421 0.039198 0.077015 -0.066258 1 00011.png
0.0 0.0 -1
12 0.503252 0.499552 -0.503710 0.493418 0.039235 0.077026 -0.066314 1 00012.png
0.0 0.0 -1
13 0.503210 0.499593 -0.503686 0.493445 0.039265 0.077235 -0.066869 1 00013.png
0.0 0.0 -1
14 0.503269 0.499530 -0.503725 0.493408 0.039316 0.076972 -0.066683 1 00014.png
0.0 0.0 -1
15 0.503274 0.499531 -0.503727 0.493399 0.039231 0.076989 -0.066492 1 00015.png
0.0 0.0 -1
16 0.503246 0.499595 -0.503665 0.493427 0.038970 0.077148 -0.066415 1 00016.png
0.0 0.0 -1
17 0.503284 0.499491 -0.503785 0.493371 0.039838 0.076964 -0.067346 1 00017.png
0.0 0.0 -1
18 0.503231 0.499593 -0.503673 0.493436 0.039078 0.077101 -0.066577 1 00018.png
0.0 0.0 -1
19 0.503265 0.499558 -0.503702 0.493407 0.039160 0.077025 -0.066511 1 00019.png
0.0 0.0 -1
20 0.503251 0.499554 -0.503706 0.493421 0.039321 0.077057 -0.066644 1 00020.png
0.0 0.0 -1
21 0.503232 0.499608 -0.503669 0.493424 0.039052 0.077197 -0.066715 1 00021.png
0.0 0.0 -1
22 0.503255 0.499568 -0.503698 0.493411 0.039197 0.077094 -0.066605 1 00022.png
0.0 0.0 -1
23 0.503218 0.499642 -0.503646 0.493427 0.038815 0.077267 -0.066235 1 00023.png
0.0 0.0 -1
24 0.503235 0.499593 -0.503685 0.493420 0.039086 0.077161 -0.066500 1 00024.png
0.0 0.0 -1
25 0.503248 0.499582 -0.503680 0.493423 0.039148 0.077058 -0.066651 1 00025.png
0.0 0.0 -1
26 0.503248 0.499610 -0.503661 0.493413 0.038941 0.077137 -0.066393 1 00026.png
0.0 0.0 -1
27 0.503249 0.499558 -0.503692 0.493433 0.039376 0.077013 -0.067043 1 00027.png
0.0 0.0 -1
28 0.503212 0.499601 -0.503672 0.493448 0.039272 0.077190 -0.067121 1 00028.png
0.0 0.0 -1
29 0.503242 0.499574 -0.503698 0.493418 0.039313 0.077169 -0.066917 1 00029.png
0.0 0.0 -1
30 0.503231 0.499606 -0.503680 0.493415 0.039063 0.077246 -0.066575 1 00030.png
0.0 0.0 -1
31 0.503230 0.499604 -0.503676 0.493423 0.039143 0.077174 -0.066569 1 00031.png
0.0 0.0 -1
32 0.503238 0.499617 -0.503651 0.493427 0.039020 0.077195 -0.067003 1 00032.png
0.0 0.0 -1
33 0.503261 0.499603 -0.503658 0.493411 0.038916 0.077092 -0.066251 1 00033.png
0.0 0.0 -1
34 0.503231 0.499632 -0.503640 0.493429 0.038746 0.077093 -0.065523 1 00034.png
0.0 0.0 -1
35 0.503178 0.499712 -0.503608 0.493436 0.038631 0.077564 -0.066400 1 00035.png
0.0 0.0 -1
36 0.503246 0.499612 -0.503642 0.493432 0.038930 0.077137 -0.066879 1 00036.png
0.0 0.0 -1
37 0.503200 0.499663 -0.503628 0.493443 0.038852 0.077308 -0.066619 1 00037.png
0.0 0.0 -1
38 0.503218 0.499649 -0.503621 0.493446 0.038751 0.077205 -0.066141 1 00038.png
0.0 0.0 -1
39 0.503275 0.499594 -0.503655 0.493408 0.038815 0.076999 -0.066108 1 00039.png
0.0 0.0 -1
40 0.503211 0.499658 -0.503631 0.493434 0.038753 0.077295 -0.066549 1 00040.png
0.0 0.0 -1
41 0.503171 0.499673 -0.503627 0.493463 0.039027 0.077435 -0.067092 1 00041.png
0.0 0.0 -1
42 0.503266 0.499599 -0.503648 0.493419 0.038796 0.076981 -0.066040 1 00042.png
0.0 0.0 -1
43 0.503264 0.499599 -0.503654 0.493416 0.038843 0.076992 -0.065876 1 00043.png
0.0 0.0 -1
44 0.503265 0.499612 -0.503654 0.493401 0.038761 0.077092 -0.066175 1 00044.png
0.0 0.0 -1
45 0.503260 0.499593 -0.503663 0.493417 0.039033 0.077065 -0.066375 1 00045.png
0.0 0.0 -1
46 0.503223 0.499634 -0.503655 0.493421 0.038912 0.077296 -0.066350 1 00046.png
0.0 0.0 -1
47 0.503254 0.499621 -0.503648 0.493410 0.038811 0.077122 -0.066308 1 00047.png
0.0 0.0 -1
48 0.503240 0.499618 -0.503655 0.493419 0.038941 0.077153 -0.066411 1 00048.png
0.0 0.0 -1
49 0.503191 0.499688 -0.503608 0.493447 0.038838 0.077414 -0.067012 1 00049.png
0.0 0.0 -1
50 0.503213 0.499650 -0.503631 0.493439 0.038881 0.077263 -0.066587 1 00050.png
0.0 0.0 -1
51 0.503244 0.499616 -0.503636 0.493437 0.038926 0.077066 -0.066368 1 00051.png
0.0 0.0 -1
52 0.503268 0.499606 -0.503640 0.493419 0.038838 0.077006 -0.066143 1 00052.png
0.0 0.0 -1
53 0.503264 0.499604 -0.503654 0.493411 0.038886 0.077050 -0.066140 1 00053.png
0.0 0.0 -1
54 0.503226 0.499633 -0.503639 0.493435 0.038940 0.077175 -0.066547 1 00054.png
0.0 0.0 -1
55 0.503229 0.499630 -0.503644 0.493431 0.039033 0.077234 -0.066690 1 00055.png
0.0 0.0 -1
56 0.503197 0.499664 -0.503628 0.493444 0.038969 0.077358 -0.066724 1 00056.png
0.0 0.0 -1
57 0.503215 0.499630 -0.503645 0.493443 0.039060 0.077210 -0.066616 1 00057.png
0.0 0.0 -1
58 0.503220 0.499636 -0.503641 0.493436 0.038993 0.077246 -0.066451 1 00058.png
0.0 0.0 -1
59 0.503242 0.499619 -0.503642 0.493430 0.038961 0.077135 -0.066637 1 00059.png
0.0 0.0 -1
60 0.503228 0.499617 -0.503656 0.493432 0.039031 0.077168 -0.066622 1 00060.png
0.0 0.0 -1
61 0.503259 0.499623 -0.503639 0.493412 0.038757 0.077102 -0.066226 1 00061.png
0.0 0.0 -1
62 0.503245 0.499628 -0.503646 0.493414 0.038779 0.077153 -0.066169 1 00062.png
0.0 0.0 -1
63 0.503231 0.499631 -0.503651 0.493419 0.038828 0.077177 -0.066048 1 00063.png
0.0 0.0 -1
64 0.503221 0.499664 -0.503614 0.493435 0.038671 0.077257 -0.066377 1 00064.png
0.0 0.0 -1
65 0.503230 0.499627 -0.503656 0.493419 0.038977 0.077255 -0.066740 1 00065.png
0.0 0.0 -1
66 0.503237 0.499599 -0.503672 0.493426 0.039086 0.077122 -0.066293 1 00066.png
0.0 0.0 -1
67 0.503211 0.499639 -0.503642 0.493441 0.038936 0.077215 -0.066431 1 00067.png
0.0 0.0 -1
68 0.503240 0.499652 -0.503631 0.493410 0.038711 0.077271 -0.066360 1 00068.png
0.0 0.0 -1
69 0.503235 0.499619 -0.503654 0.493426 0.039007 0.077162 -0.066551 1 00069.png
0.0 0.0 -1
70 0.503226 0.499617 -0.503667 0.493422 0.039122 0.077224 -0.066752 1 00070.png
0.0 0.0 -1
71 0.503240 0.499646 -0.503622 0.493426 0.038770 0.077174 -0.066411 1 00071.png
0.0 0.0 -1
72 0.503238 0.499604 -0.503665 0.493426 0.039160 0.077135 -0.066567 1 00072.png
0.0 0.0 -1
73 0.503207 0.499649 -0.503632 0.493446 0.039004 0.077244 -0.066575 1 00073.png
0.0 0.0 -1
74 0.503233 0.499638 -0.503638 0.493423 0.038849 0.077195 -0.066175 1 00074.png
0.0 0.0 -1
75 0.503217 0.499633 -0.503642 0.493442 0.039071 0.077243 -0.066778 1 00075.png
0.0 0.0 -1
76 0.503188 0.499696 -0.503614 0.493435 0.038715 0.077484 -0.066327 1 00076.png
0.0 0.0 -1
77 0.503239 0.499641 -0.503629 0.493424 0.038776 0.077155 -0.066088 1 00077.png
0.0 0.0 -1
78 0.503208 0.499656 -0.503634 0.493436 0.038938 0.077313 -0.066411 1 00078.png
0.0 0.0 -1
79 0.503237 0.499631 -0.503649 0.493415 0.038960 0.077200 -0.066601 1 00079.png
0.0 0.0 -1
80 0.503217 0.499652 -0.503634 0.493431 0.038919 0.077273 -0.066380 1 00080.png
0.0 0.0 -1
81 0.503239 0.499624 -0.503654 0.493415 0.039018 0.077200 -0.066360 1 00081.png
0.0 0.0 -1
82 0.503197 0.499648 -0.503646 0.493441 0.039162 0.077389 -0.066793 1 00082.png
0.0 0.0 -1
83 0.503230 0.499619 -0.503669 0.493414 0.039097 0.077227 -0.066819 1 00083.png
0.0 0.0 -1
84 0.503213 0.499626 -0.503655 0.493439 0.039213 0.077264 -0.066959 1 00084.png
0.0 0.0 -1
85 0.503244 0.499657 -0.503626 0.493406 0.038631 0.077236 -0.066161 1 00085.png
0.0 0.0 -1
86 0.503213 0.499625 -0.503646 0.493450 0.039148 0.077164 -0.066781 1 00086.png
0.0 0.0 -1
87 0.503264 0.499596 -0.503655 0.493417 0.039065 0.077041 -0.066999 1 00087.png
0.0 0.0 -1
88 0.503223 0.499632 -0.503637 0.493442 0.039009 0.077150 -0.066590 1 00088.png
0.0 0.0 -1
89 0.503186 0.499678 -0.503620 0.493450 0.038893 0.077394 -0.066485 1 00089.png
0.0 0.0 -1
90 0.503207 0.499662 -0.503626 0.493438 0.038851 0.077294 -0.066469 1 00090.png
0.0 0.0 -1
91 0.503230 0.499633 -0.503650 0.493420 0.038939 0.077246 -0.066529 1 00091.png
0.0 0.0 -1
92 0.503229 0.499614 -0.503667 0.493423 0.039129 0.077227 -0.066648 1 00092.png
0.0 0.0 -1
93 0.503233 0.499621 -0.503640 0.493438 0.039095 0.077132 -0.066804 1 00093.png
0.0 0.0 -1
94 0.503230 0.499645 -0.503622 0.493437 0.038905 0.077211 -0.066495 1 00094.png
0.0 0.0 -1
95 0.503203 0.499655 -0.503630 0.493446 0.039040 0.077320 -0.066667 1 00095.png
0.0 0.0 -1
96 0.503212 0.499651 -0.503631 0.493439 0.039018 0.077280 -0.066603 1 00096.png
0.0 0.0 -1
97 0.503221 0.499667 -0.503610 0.493436 0.038823 0.077282 -0.066860 1 00097.png
0.0 0.0 -1
98 0.503198 0.499661 -0.503634 0.493441 0.039033 0.077323 -0.066685 1 00098.png
0.0 0.0 -1
99 0.503222 0.499670 -0.503623 0.493419 0.038785 0.077307 -0.066588 1 00099.png
0.0 0.0 -1
100 0.503231 0.499644 -0.503642 0.493416 0.038922 0.077246 -0.066501 1 00100.png
0.0 0.0 -1
101 0.503200 0.499673 -0.503614 0.493446 0.038984 0.077355 -0.067087 1 00101.png
0.0 0.0 -1
102 0.503210 0.499649 -0.503630 0.493444 0.039069 0.077261 -0.066679 1 00102.png
0.0 0.0 -1
103 0.503219 0.499668 -0.503618 0.493428 0.038814 0.077308 -0.066211 1 00103.png
0.0 0.0 -1
104 0.503201 0.499701 -0.503589 0.493443 0.038706 0.077384 -0.066476 1 00104.png
0.0 0.0 -1
105 0.503240 0.499637 -0.503637 0.493419 0.038941 0.077178 -0.066493 1 00105.png
0.0 0.0 -1
106 0.503217 0.499657 -0.503622 0.493437 0.038903 0.077233 -0.066256 1 00106.png
0.0 0.0 -1
107 0.503243 0.499647 -0.503622 0.493422 0.038840 0.077189 -0.066615 1 00107.png
0.0 0.0 -1
108 0.503209 0.499676 -0.503611 0.493437 0.038844 0.077292 -0.066780 1 00108.png
0.0 0.0 -1
109 0.503225 0.499679 -0.503589 0.493440 0.038700 0.077270 -0.066517 1 00109.png
0.0 0.0 -1
110 0.503228 0.499671 -0.503578 0.493457 0.038848 0.077208 -0.066409 1 00110.png
0.0 0.0 -1
111 0.503227 0.499701 -0.503555 0.493451 0.038591 0.077272 -0.066308 1 00111.png
0.0 0.0 -1
112 0.503231 0.499650 -0.503614 0.493438 0.038952 0.077202 -0.066264 1 00112.png
0.0 0.0 -1
113 0.503210 0.499678 -0.503593 0.493452 0.038868 0.077307 -0.066631 1 00113.png
0.0 0.0 -1
114 0.503232 0.499665 -0.503603 0.493433 0.038788 0.077228 -0.066203 1 00114.png
0.0 0.0 -1
115 0.503207 0.499699 -0.503591 0.493436 0.038742 0.077353 -0.066631 1 00115.png
0.0 0.0 -1
116 0.503226 0.499667 -0.503599 0.493441 0.038833 0.077239 -0.066472 1 00116.png
0.0 0.0 -1
117 0.503239 0.499650 -0.503615 0.493429 0.038861 0.077180 -0.066244 1 00117.png
0.0 0.0 -1
118 0.503210 0.499707 -0.503582 0.493434 0.038640 0.077358 -0.066433 1 00118.png
0.0 0.0 -1
119 0.503239 0.499649 -0.503617 0.493429 0.038975 0.077192 -0.066819 1 00119.png
0.0 0.0 -1
120 0.503235 0.499676 -0.503604 0.493418 0.038774 0.077290 -0.066461 1 00120.png
0.0 0.0 -1
121 0.503248 0.499655 -0.503613 0.493417 0.038854 0.077190 -0.066478 1 00121.png
0.0 0.0 -1
122 0.503227 0.499668 -0.503616 0.493422 0.038875 0.077282 -0.066642 1 00122.png
0.0 0.0 -1
123 0.503204 0.499699 -0.503589 0.493441 0.038826 0.077362 -0.066741 1 00123.png
0.0 0.0 -1
124 0.503249 0.499649 -0.503629 0.493406 0.038935 0.077243 -0.066789 1 00124.png
0.0 0.0 -1
125 0.503247 0.499666 -0.503613 0.493407 0.038836 0.077251 -0.066720 1 00125.png
0.0 0.0 -1
126 0.503242 0.499650 -0.503618 0.493424 0.038948 0.077201 -0.066474 1 00126.png
0.0 0.0 -1
127 0.503242 0.499661 -0.503621 0.493408 0.038846 0.077285 -0.066713 1 00127.png
0.0 0.0 -1
128 0.503235 0.499675 -0.503606 0.493417 0.038796 0.077298 -0.066501 1 00128.png
0.0 0.0 -1
129 0.503235 0.499663 -0.503612 0.493423 0.038866 0.077231 -0.066407 1 00129.png
0.0 0.0 -1
130 0.503217 0.499703 -0.503579 0.493435 0.038698 0.077335 -0.066606 1 00130.png
0.0 0.0 -1
131 0.503242 0.499661 -0.503615 0.493415 0.038866 0.077265 -0.066565 1 00131.png
0.0 0.0 -1
132 0.503213 0.499725 -0.503560 0.493436 0.038609 0.077433 -0.066467 1 00132.png
0.0 0.0 -1
133 0.503204 0.499713 -0.503563 0.493454 0.038683 0.077337 -0.066343 1 00133.png
0.0 0.0 -1
134 0.503226 0.499684 -0.503588 0.493435 0.038733 0.077263 -0.066533 1 00134.png
0.0 0.0 -1
135 0.503215 0.499700 -0.503596 0.493422 0.038669 0.077405 -0.066375 1 00135.png
0.0 0.0 -1
136 0.503240 0.499680 -0.503591 0.493422 0.038690 0.077226 -0.066381 1 00136.png
0.0 0.0 -1
137 0.503174 0.499740 -0.503570 0.493450 0.038645 0.077525 -0.066772 1 00137.png
0.0 0.0 -1
138 0.503264 0.499635 -0.503630 0.493403 0.038844 0.077131 -0.066235 1 00138.png
0.0 0.0 -1
139 0.503241 0.499652 -0.503623 0.493416 0.038881 0.077241 -0.066594 1 00139.png
0.0 0.0 -1
140 0.503239 0.499671 -0.503598 0.493425 0.038711 0.077219 -0.066284 1 00140.png
0.0 0.0 -1
141 0.503227 0.499672 -0.503606 0.493428 0.038817 0.077266 -0.066369 1 00141.png
0.0 0.0 -1
142 0.503236 0.499675 -0.503593 0.493429 0.038745 0.077254 -0.066605 1 00142.png
0.0 0.0 -1
143 0.503243 0.499667 -0.503601 0.493422 0.038757 0.077192 -0.066348 1 00143.png
0.0 0.0 -1
144 0.503257 0.499656 -0.503619 0.493401 0.038780 0.077194 -0.066441 1 00144.png
0.0 0.0 -1
145 0.503242 0.499665 -0.503602 0.493424 0.038793 0.077175 -0.066390 1 00145.png
0.0 0.0 -1
146 0.503233 0.499692 -0.503601 0.493408 0.038634 0.077342 -0.066164 1 00146.png
0.0 0.0 -1
147 0.503216 0.499726 -0.503559 0.493433 0.038455 0.077366 -0.066050 1 00147.png
0.0 0.0 -1
148 0.503255 0.499660 -0.503617 0.493401 0.038783 0.077223 -0.066654 1 00148.png
0.0 0.0 -1
149 0.503217 0.499703 -0.503573 0.493440 0.038703 0.077297 -0.066617 1 00149.png
0.0 0.0 -1
150 0.503236 0.499684 -0.503595 0.493418 0.038692 0.077258 -0.066050 1 00150.png
0.0 0.0 -1
151 0.503139 0.499811 -0.503228 0.493764 0.038780 0.077400 -0.066762 1 00151.png
0.0 0.0 -1
152 0.502877 0.499650 -0.503322 0.494097 0.038532 0.077512 -0.066921 1 00152.png
0.0 0.0 -1
153 0.502996 0.499694 -0.503323 0.493930 0.039002 0.077432 -0.066919 1 00153.png
0.0 0.0 -1
154 0.503946 0.500864 -0.502161 0.492957 0.038438 0.077539 -0.067608 1 00154.png
0.0 0.0 -1
155 0.504283 0.502201 -0.500354 0.493092 0.037863 0.078112 -0.068585 1 00155.png
0.0 0.0 -1
156 0.504386 0.500483 -0.490691 0.504315 0.035941 0.079408 -0.069485 1 00156.png
0.0 0.0 -1
157 0.496403 0.514906 -0.470481 0.516820 0.030058 0.085225 -0.061257 1 00157.png
0.0 0.0 -1
158 0.469916 0.542724 -0.461268 0.521404 0.019162 0.105525 -0.038854 1 00158.png
0.0 0.0 -1
159 0.449467 0.565236 -0.461900 0.514912 -0.006620 0.149654 -0.018624 1 00159.png
0.0 0.0 -1
160 0.436491 0.543758 -0.474384 0.537366 -0.019178 0.219150 -0.008097 1 00160.png
0.0 0.0 -1
161 0.427749 0.523805 -0.491296 0.548896 -0.020399 0.281184 0.005871 1 00161.png
0.0 0.0 -1
162 0.401161 0.522377 -0.516462 0.547228 -0.028575 0.363771 0.023182 1 00162.png
0.0 0.0 -1
163 0.380213 0.523685 -0.538813 0.539326 -0.028210 0.461598 0.052048 1 00163.png
0.0 0.0 -1
164 -0.376970 -0.510443 0.555777 -0.537079 -0.047275 0.555614 0.084903 1 00164.png
0.0 0.0 -1
165 -0.372032 -0.499477 0.569811 -0.536126 -0.092351 0.659968 0.118223 1 00165.png
0.0 0.0 -1
166 -0.363846 -0.487364 0.577521 -0.544575 -0.166787 0.751409 0.141589 1 00166.png
0.0 0.0 -1
167 -0.361101 -0.458640 0.589136 -0.558725 -0.227710 0.829116 0.140757 1 00167.png
0.0 0.0 -1
168 -0.361662 -0.429298 0.596417 -0.573752 -0.281791 0.900300 0.128281 1 00168.png
0.0 0.0 -1
169 -0.354383 -0.398865 0.600301 -0.595784 -0.336657 0.968656 0.096260 1 00169.png
0.0 0.0 -1
170 0.340859 0.369726 -0.608254 0.614121 -0.390361 1.034005 0.064296 1 00170.png
0.0 0.0 -1
171 0.318661 0.351552 -0.612982 0.631760 -0.444164 1.086115 0.047912 1 00171.png
0.0 0.0 -1
172 0.316739 0.324814 -0.621863 0.638325 -0.454935 1.139702 0.046921 1 00172.png
0.0 0.0 -1
173 0.313223 0.301939 -0.625288 0.647873 -0.457898 1.156282 0.043580 1 00173.png
0.0 0.0 -1
174 0.305105 0.294799 -0.631279 0.649224 -0.495286 1.161183 0.074840 1 00174.png
0.0 0.0 -1
175 0.300666 0.286273 -0.639527 0.647034 -0.520247 1.177770 0.102269 1 00175.png
0.0 0.0 -1
176 -0.302415 -0.274164 0.647840 -0.643182 -0.545483 1.189553 0.117629 1 00176.png
0.0 0.0 -1
177 -0.301448 -0.270327 0.656875 -0.636056 -0.581794 1.196395 0.133708 1 00177.png
0.0 0.0 -1
178 -0.306397 -0.272358 0.660853 -0.628662 -0.619178 1.201441 0.135974 1 00178.png
0.0 0.0 -1
179 -0.313488 -0.266195 0.660634 -0.628036 -0.658664 1.207070 0.112843 1 00179.png
0.0 0.0 -1
180 -0.307062 -0.263108 0.662833 -0.630190 -0.727982 1.200298 0.082177 1 00180.png
0.0 0.0 -1
181 -0.304300 -0.269862 0.658700 -0.633001 -0.807514 1.185453 0.053135 1 00181.png
0.0 0.0 -1
182 -0.304222 -0.280289 0.659436 -0.627719 -0.881313 1.167609 0.046537 1 00182.png
0.0 0.0 -1
183 -0.303973 -0.286725 0.666050 -0.617872 -0.926831 1.156093 0.031677 1 00183.png
0.0 0.0 -1
184 -0.311220 -0.281092 0.666905 -0.615928 -0.945381 1.156854 -0.016653 1 00184.png
0.0 0.0 -1
185 -0.316029 -0.290792 0.663527 -0.612615 -0.998831 1.119546 -0.033670 1 00185.png
0.0 0.0 -1
186 -0.311760 -0.305422 0.657361 -0.614329 -1.067429 1.044088 -0.069067 1 00186.png
0.0 0.0 -1
187 -0.310054 -0.316514 0.648874 -0.618586 -1.129285 0.982851 -0.125018 1 00187.png
0.0 0.0 -1
188 -0.293707 -0.324933 0.646036 -0.625134 -1.195492 0.927285 -0.216072 1 00188.png
0.0 0.0 -1
189 0.269725 0.328676 -0.635688 0.644300 -1.263728 0.853391 -0.355016 1 00189.png
0.0 0.0 -1
190 0.247120 0.334453 -0.636562 0.649509 -1.293766 0.821986 -0.457765 1 00190.png
0.0 0.0 -1
191 0.241357 0.329557 -0.643844 0.646996 -1.286867 0.845358 -0.534965 1 00191.png
0.0 0.0 -1
192 -0.248701 -0.328855 0.653231 -0.635052 -1.273006 0.904229 -0.567290 1 00192.png
0.0 0.0 -1
193 -0.259559 -0.332296 0.655417 -0.626607 -1.281430 0.931751 -0.595727 1 00193.png
0.0 0.0 -1
194 -0.254083 -0.343608 0.656848 -0.621229 -1.304706 0.907498 -0.635882 1 00194.png
0.0 0.0 -1
195 -0.255740 -0.336900 0.659079 -0.621860 -1.288384 0.901793 -0.726636 1 00195.png
0.0 0.0 -1
196 -0.265996 -0.320181 0.658590 -0.626889 -1.247579 0.906297 -0.860681 1 00196.png
0.0 0.0 -1
197 -0.272105 -0.305963 0.671174 -0.617957 -1.199307 0.981726 -0.964270 1 00197.png
0.0 0.0 -1
198 -0.272756 -0.314794 0.684913 -0.597832 -1.204734 1.093543 -0.990560 1 00198.png
0.0 0.0 -1
199 -0.278796 -0.347102 0.685238 -0.576404 -1.302446 1.146314 -0.931775 1 00199.png
0.0 0.0 -1
200 -0.280728 -0.364076 0.702355 -0.543451 -1.340276 1.276012 -0.841990 1 00200.png
0.0 0.0 -1
201 -0.277946 -0.351112 0.712487 -0.540211 -1.308431 1.390670 -0.887818 1 00201.png
0.0 0.0 -1
202 -0.269250 -0.344899 0.715639 -0.544435 -1.288913 1.440134 -0.945841 1 00202.png
0.0 0.0 -1
203 -0.262067 -0.348754 0.716232 -0.544705 -1.296227 1.468565 -0.959730 1 00203.png
0.0 0.0 -1
204 -0.259280 -0.348315 0.717479 -0.544679 -1.305561 1.495255 -0.978079 1 00204.png
0.0 0.0 -1
205 -0.258694 -0.341871 0.720915 -0.544502 -1.312318 1.529709 -1.006927 1 00205.png
0.0 0.0 -1
206 -0.256809 -0.329153 0.728980 -0.542490 -1.314214 1.594752 -1.037286 1 00206.png
0.0 0.0 -1
207 -0.255112 -0.314492 0.732651 -0.547024 -1.322004 1.629103 -1.101663 1 00207.png
0.0 0.0 -1
208 -0.255399 -0.298377 0.726940 -0.563295 -1.330894 1.601856 -1.226570 1 00208.png
0.0 0.0 -1
209 -0.263369 -0.303442 0.713025 -0.574592 -1.460101 1.541831 -1.287452 1 00209.png
0.0 0.0 -1
210 -0.261889 -0.308039 0.716327 -0.568684 -1.564706 1.595171 -1.293985 1 00210.png
0.0 0.0 -1
211 -0.251087 -0.298311 0.720127 -0.573919 -1.600158 1.641873 -1.375093 1 00211.png
0.0 0.0 -1
212 -0.252132 -0.284687 0.713781 -0.588132 -1.633274 1.640858 -1.484419 1 00212.png
0.0 0.0 -1
213 -0.258450 -0.273652 0.712067 -0.592687 -1.676571 1.669832 -1.562128 1 00213.png
0.0 0.0 -1
214 -0.240597 -0.277358 0.703751 -0.608210 -1.761960 1.575985 -1.698143 1 00214.png
0.0 0.0 -1
215 -0.209422 -0.290322 0.687245 -0.632099 -1.878351 1.381188 -1.863686 1 00215.png
0.0 0.0 -1
216 -0.180782 -0.301125 0.687718 -0.635363 -1.970661 1.326095 -1.951563 1 00216.png
0.0 0.0 -1
217 -0.152850 -0.280867 0.699726 -0.638854 -1.913414 1.382343 -2.122806 1 00217.png
0.0 0.0 -1
218 -0.137594 -0.240258 0.704143 -0.653855 -1.756838 1.415469 -2.363713 1 00218.png
0.0 0.0 -1
219 -0.135472 -0.216359 0.707044 -0.659488 -1.698365 1.438872 -2.516610 1 00219.png
0.0 0.0 -1
220 -0.142555 -0.203144 0.709888 -0.659143 -1.715349 1.478913 -2.610209 1 00220.png
0.0 0.0 -1
221 -0.160421 -0.216981 0.702979 -0.658031 -1.894855 1.476235 -2.605172 1 00221.png
0.0 0.0 -1
222 -0.181031 -0.250662 0.699362 -0.644429 -2.159872 1.508728 -2.473589 1 00222.png
0.0 0.0 -1
223 -0.209215 -0.267453 0.691579 -0.637508 -2.330699 1.535562 -2.385124 1 00223.png
0.0 0.0 -1
224 -0.230078 -0.275525 0.681618 -0.637610 -2.430698 1.527516 -2.360097 1 00224.png
0.0 0.0 -1
225 -0.235791 -0.278282 0.677789 -0.638407 -2.466241 1.521429 -2.387680 1 00225.png
0.0 0.0 -1
226 -0.242693 -0.282490 0.682866 -0.628485 -2.494493 1.609535 -2.364705 1 00226.png
0.0 0.0 -1
227 -0.261169 -0.309773 0.679383 -0.611776 -2.667255 1.651068 -2.189361 1 00227.png
0.0 0.0 -1
228 -0.298179 -0.328549 0.666563 -0.599032 -2.825217 1.681272 -1.995068 1 00228.png
0.0 0.0 -1
229 -0.333309 -0.358922 0.647134 -0.584207 -3.031007 1.659336 -1.720926 1 00229.png
0.0 0.0 -1
230 -0.371664 -0.398081 0.618248 -0.566716 -3.263294 1.590526 -1.341188 1 00230.png
0.0 0.0 -1
231 -0.412183 -0.428623 0.587563 -0.548778 -3.438025 1.563742 -0.960040 1 00231.png
0.0 0.0 -1
232 -0.432672 -0.462042 0.563053 -0.531304 -3.580572 1.492706 -0.609354 1 00232.png
0.0 0.0 -1
233 -0.464915 -0.483922 0.541775 -0.506115 -3.640269 1.526000 -0.241536 1 00233.png
0.0 0.0 -1
234 -0.484532 -0.504124 0.524973 -0.485275 -3.648158 1.526275 0.059696 1 00234.png
0.0 0.0 -1
235 0.492886 0.520415 -0.514532 0.470625 -3.628910 1.507633 0.264582 1 00235.png
0.0 0.0 -1
236 0.502991 0.527983 -0.505524 0.461172 -3.577942 1.513975 0.393608 1 00236.png
0.0 0.0 -1
237 0.506256 0.528672 -0.504594 0.457816 -3.528717 1.537057 0.417737 1 00237.png
0.0 0.0 -1
238 0.499486 0.533421 -0.502137 0.462421 -3.517827 1.477587 0.410821 1 00238.png
0.0 0.0 -1
239 0.495634 0.537813 -0.499951 0.463846 -3.510026 1.436651 0.431325 1 00239.png
0.0 0.0 -1
240 0.493016 0.541318 -0.499422 0.463129 -3.496645 1.412866 0.458536 1 00240.png
0.0 0.0 -1
241 0.478820 0.540378 -0.501144 0.477050 -3.530586 1.319199 0.354814 1 00241.png
0.0 0.0 -1
242 0.464087 0.531279 -0.508050 0.494218 -3.571062 1.239818 0.178300 1 00242.png
0.0 0.0 -1
243 -0.442131 -0.518515 0.524515 -0.510438 -3.602779 1.193468 -0.047530 1 00243.png
0.0 0.0 -1
244 -0.415988 -0.503550 0.547605 -0.522991 -3.627436 1.202639 -0.289122 1 00244.png
0.0 0.0 -1
245 -0.388658 -0.485666 0.571228 -0.535512 -3.623902 1.241162 -0.551078 1 00245.png
0.0 0.0 -1
246 -0.367449 -0.453110 0.598588 -0.548968 -3.566872 1.355107 -0.867323 1 00246.png
0.0 0.0 -1
247 -0.346143 -0.412581 0.624087 -0.566107 -3.464921 1.464826 -1.232853 1 00247.png
0.0 0.0 -1
248 -0.330127 -0.374673 0.642742 -0.580963 -3.370955 1.548203 -1.551463 1 00248.png
0.0 0.0 -1
249 -0.306122 -0.344499 0.660026 -0.593275 -3.287280 1.596321 -1.847928 1 00249.png
0.0 0.0 -1
250 -0.287675 -0.314047 0.672716 -0.605038 -3.199167 1.646090 -2.117387 1 00250.png
0.0 0.0 -1
251 -0.269824 -0.294601 0.683165 -0.611303 -3.148018 1.677033 -2.309328 1 00251.png
0.0 0.0 -1
252 -0.245704 -0.282644 0.691449 -0.617771 -3.114115 1.651551 -2.491799 1 00252.png
0.0 0.0 -1
253 -0.226341 -0.267630 0.702122 -0.619813 -3.060017 1.681182 -2.648048 1 00253.png
0.0 0.0 -1
254 -0.211960 -0.254162 0.713717 -0.617319 -3.030296 1.744294 -2.765596 1 00254.png
0.0 0.0 -1
255 -0.195459 -0.230850 0.725841 -0.617786 -2.920582 1.831316 -2.951426 1 00255.png
0.0 0.0 -1
256 -0.175265 -0.203243 0.734039 -0.623828 -2.743880 1.883691 -3.185386 1 00256.png
0.0 0.0 -1
257 -0.151793 -0.188504 0.740793 -0.626618 -2.633546 1.896735 -3.367056 1 00257.png
0.0 0.0 -1
258 -0.128243 -0.177753 0.746908 -0.627763 -2.536077 1.893353 -3.533630 1 00258.png
0.0 0.0 -1
259 -0.120072 -0.171226 0.747102 -0.630954 -2.518482 1.876022 -3.645528 1 00259.png
0.0 0.0 -1
260 -0.110078 -0.162875 0.751691 -0.629536 -2.492578 1.920842 -3.740738 1 00260.png
0.0 0.0 -1
261 -0.088550 -0.140296 0.751207 -0.638877 -2.328707 1.888196 -3.957254 1 00261.png
0.0 0.0 -1
262 -0.094188 -0.133585 0.739985 -0.652462 -2.393246 1.748373 -4.065026 1 00262.png
0.0 0.0 -1
263 -0.093611 -0.132475 0.734161 -0.659314 -2.473677 1.664349 -4.132962 1 00263.png
0.0 0.0 -1
264 -0.087465 -0.121736 0.731647 -0.664998 -2.466097 1.625532 -4.242103 1 00264.png
0.0 0.0 -1
265 -0.091169 -0.112595 0.729559 -0.668397 -2.527493 1.622227 -4.310487 1 00265.png
0.0 0.0 -1
266 -0.088892 -0.109320 0.731273 -0.667373 -2.596074 1.633447 -4.363807 1 00266.png
0.0 0.0 -1
267 -0.090205 -0.112765 0.733452 -0.664225 -2.717966 1.645199 -4.376273 1 00267.png
0.0 0.0 -1
268 -0.091530 -0.114064 0.733590 -0.663669 -2.816693 1.636273 -4.414164 1 00268.png
0.0 0.0 -1
269 -0.083782 -0.107007 0.731523 -0.668135 -2.794284 1.584653 -4.538108 1 00269.png
0.0 0.0 -1
270 -0.062173 -0.107246 0.733469 -0.668324 -2.759453 1.519356 -4.667715 1 00270.png
0.0 0.0 -1
271 -0.035113 -0.110017 0.750867 -0.650278 -2.740726 1.685254 -4.738657 1 00271.png
0.0 0.0 -1
272 -0.023189 -0.096431 0.759558 -0.642834 -2.656594 1.824049 -4.846163 1 00272.png
0.0 0.0 -1
273 -0.016210 -0.081402 0.755717 -0.649618 -2.562818 1.788915 -5.008071 1 00273.png
0.0 0.0 -1
274 -0.030795 -0.082535 0.746697 -0.659305 -2.731290 1.659337 -5.045056 1 00274.png
0.0 0.0 -1
275 -0.039094 -0.091128 0.739337 -0.665995 -2.940290 1.524537 -5.053145 1 00275.png
0.0 0.0 -1
276 -0.055335 -0.091699 0.737641 -0.666645 -3.113155 1.538967 -5.023839 1 00276.png
0.0 0.0 -1
277 -0.058840 -0.097093 0.744797 -0.657562 -3.255265 1.666559 -4.985880 1 00277.png
0.0 0.0 -1
278 -0.068656 -0.102864 0.746870 -0.653368 -3.417479 1.727464 -4.943626 1 00278.png
0.0 0.0 -1
279 -0.073701 -0.100935 0.744824 -0.655452 -3.476271 1.718984 -4.990855 1 00279.png
0.0 0.0 -1
280 -0.069275 -0.101035 0.739796 -0.661585 -3.500599 1.607141 -5.092133 1 00280.png
0.0 0.0 -1
281 -0.059159 -0.107234 0.737577 -0.664064 -3.534446 1.507974 -5.172451 1 00281.png
0.0 0.0 -1
282 -0.040162 -0.107454 0.741219 -0.661389 -3.466155 1.493061 -5.313230 1 00282.png
0.0 0.0 -1
283 -0.036047 -0.103839 0.752896 -0.648896 -3.456189 1.693595 -5.348262 1 00283.png
0.0 0.0 -1
284 -0.049695 -0.101494 0.760810 -0.639060 -3.555717 1.901834 -5.292575 1 00284.png
0.0 0.0 -1
285 -0.066194 -0.103833 0.759953 -0.638207 -3.716644 1.950632 -5.245334 1 00285.png
0.0 0.0 -1
286 -0.086745 -0.107843 0.758860 -0.636378 -3.921387 2.001728 -5.156941 1 00286.png
0.0 0.0 -1
287 -0.106908 -0.114632 0.758895 -0.632067 -4.144264 2.089386 -5.027900 1 00287.png
0.0 0.0 -1
288 -0.115738 -0.132564 0.767661 -0.616221 -4.400745 2.242759 -4.829842 1 00288.png
0.0 0.0 -1
289 -0.111075 -0.143870 0.773477 -0.607204 -4.506266 2.291856 -4.776561 1 00289.png
0.0 0.0 -1
290 -0.097274 -0.151862 0.767389 -0.615297 -4.517971 2.105730 -4.887141 1 00290.png
0.0 0.0 -1
291 -0.083190 -0.147898 0.765066 -0.621192 -4.401036 2.041774 -5.045519 1 00291.png
0.0 0.0 -1
292 -0.083315 -0.143574 0.765234 -0.621982 -4.339214 2.089362 -5.082470 1 00292.png
0.0 0.0 -1
293 -0.085200 -0.129550 0.756326 -0.635553 -4.189545 2.013574 -5.225570 1 00293.png
0.0 0.0 -1
294 -0.088231 -0.133185 0.751379 -0.640240 -4.215995 1.945291 -5.214404 1 00294.png
0.0 0.0 -1
295 -0.104583 -0.141678 0.747999 -0.639912 -4.368815 1.979071 -5.073049 1 00295.png
0.0 0.0 -1
296 -0.119675 -0.159127 0.744538 -0.637197 -4.596367 1.975379 -4.870460 1 00296.png
0.0 0.0 -1
297 -0.142952 -0.186459 0.741817 -0.628096 -4.945063 1.982148 -4.508438 1 00297.png
0.0 0.0 -1
298 -0.167132 -0.225009 0.742602 -0.608259 -5.347673 2.008762 -3.984397 1 00298.png
0.0 0.0 -1
299 -0.188008 -0.263806 0.740767 -0.588493 -5.696937 1.972773 -3.451442 1 00299.png
0.0 0.0 -1
300 -0.218898 -0.293752 0.736119 -0.569141 -5.979301 2.031009 -2.880080 1 00300.png
0.0 0.0 -1
301 -0.242967 -0.320433 0.724774 -0.559457 -6.180814 1.956989 -2.419242 1 00301.png
0.0 0.0 -1
302 -0.269369 -0.332786 0.712538 -0.555863 -6.317729 1.954821 -2.071735 1 00302.png
0.0 0.0 -1
303 -0.303078 -0.343273 0.697936 -0.550630 -6.411393 2.002247 -1.658401 1 00303.png
0.0 0.0 -1
304 -0.327998 -0.363153 0.686578 -0.537725 -6.497889 1.996991 -1.183067 1 00304.png
0.0 0.0 -1
305 -0.357041 -0.380240 0.671358 -0.526514 -6.552480 2.008349 -0.703084 1 00305.png
0.0 0.0 -1
306 -0.375233 -0.397478 0.658779 -0.516935 -6.580498 1.966835 -0.317976 1 00306.png
0.0 0.0 -1
307 -0.385062 -0.418304 0.649347 -0.505072 -6.603309 1.864758 0.051224 1 00307.png
0.0 0.0 -1
308 -0.407264 -0.436504 0.632567 -0.493416 -6.559973 1.828188 0.510853 1 00308.png
0.0 0.0 -1
309 -0.416983 -0.459158 0.619845 -0.480719 -6.502425 1.686790 0.908254 1 00309.png
0.0 0.0 -1
310 -0.426760 -0.470690 0.607423 -0.476827 -6.438624 1.601175 1.145946 1 00310.png
0.0 0.0 -1
311 -0.437073 -0.473293 0.603558 -0.469765 -6.354546 1.651429 1.300342 1 00311.png
0.0 0.0 -1
312 -0.440513 -0.482173 0.595725 -0.467513 -6.304598 1.566252 1.433700 1 00312.png
0.0 0.0 -1
313 -0.441628 -0.485081 0.593813 -0.465884 -6.268274 1.562186 1.484695 1 00313.png
0.0 0.0 -1
314 -0.441263 -0.483157 0.596954 -0.464211 -6.236576 1.598558 1.472023 1 00314.png
0.0 0.0 -1
315 -0.437650 -0.483310 0.602070 -0.460854 -6.212786 1.608653 1.462119 1 00315.png
0.0 0.0 -1
316 -0.433872 -0.480123 0.604215 -0.464932 -6.219060 1.603571 1.381021 1 00316.png
0.0 0.0 -1
317 -0.423334 -0.470074 0.610899 -0.476048 -6.256826 1.598465 1.130794 1 00317.png
0.0 0.0 -1
318 -0.409625 -0.459215 0.622410 -0.483669 -6.293067 1.617254 0.858897 1 00318.png
0.0 0.0 -1
319 -0.390231 -0.453111 0.636025 -0.487731 -6.338661 1.586418 0.603984 1 00319.png
0.0 0.0 -1
320 -0.369127 -0.437613 0.654159 -0.494282 -6.373978 1.635491 0.234087 1 00320.png
0.0 0.0 -1
321 -0.353053 -0.413913 0.669890 -0.505249 -6.376736 1.758549 -0.184046 1 00321.png
0.0 0.0 -1
322 -0.343481 -0.384764 0.684071 -0.515775 -6.365237 1.956216 -0.587135 1 00322.png
0.0 0.0 -1
323 -0.325356 -0.360452 0.696840 -0.527857 -6.370948 2.047640 -1.022490 1 00323.png
0.0 0.0 -1
324 -0.304788 -0.339545 0.706762 -0.540649 -6.352142 2.073787 -1.444512 1 00324.png
0.0 0.0 -1
325 -0.282629 -0.324049 0.717904 -0.547472 -6.326069 2.082028 -1.795099 1 00325.png
0.0 0.0 -1
326 -0.267224 -0.308672 0.732278 -0.545052 -6.272582 2.205749 -2.034041 1 00326.png
0.0 0.0 -1
327 -0.247576 -0.292242 0.745209 -0.545860 -6.197551 2.294931 -2.329724 1 00327.png
0.0 0.0 -1
328 -0.222590 -0.274235 0.755144 -0.552274 -6.077196 2.311627 -2.707030 1 00328.png
0.0 0.0 -1
329 -0.192917 -0.250903 0.760820 -0.566554 -5.882155 2.261759 -3.199971 1 00329.png
0.0 0.0 -1
330 -0.160075 -0.221356 0.771016 -0.575250 -5.581887 2.305871 -3.704059 1 00330.png
0.0 0.0 -1
331 -0.133885 -0.200333 0.784563 -0.571316 -5.342609 2.450877 -4.005753 1 00331.png
0.0 0.0 -1
332 -0.123825 -0.190189 0.791581 -0.567358 -5.268529 2.540518 -4.114138 1 00332.png
0.0 0.0 -1
333 -0.126449 -0.169367 0.794322 -0.569542 -5.160318 2.697178 -4.238770 1 00333.png
0.0 0.0 -1
334 -0.119567 -0.147942 0.792899 -0.578903 -5.013114 2.728325 -4.486167 1 00334.png
0.0 0.0 -1
335 -0.110779 -0.131335 0.789622 -0.589047 -4.911921 2.687782 -4.726834 1 00335.png
0.0 0.0 -1
336 -0.090683 -0.127564 0.792069 -0.590026 -4.877473 2.625482 -4.915350 1 00336.png
0.0 0.0 -1
337 -0.067758 -0.114207 0.805947 -0.576901 -4.710327 2.822219 -5.081307 1 00337.png
0.0 0.0 -1
338 -0.064363 -0.099293 0.815494 -0.566539 -4.610923 3.056846 -5.129487 1 00338.png
0.0 0.0 -1
339 -0.063710 -0.085954 0.818939 -0.563819 -4.529246 3.192375 -5.204974 1 00339.png
0.0 0.0 -1
340 -0.048961 -0.067658 0.824100 -0.560253 -4.312728 3.324621 -5.394354 1 00340.png
0.0 0.0 -1
341 -0.023852 -0.044733 0.828462 -0.557745 -3.974013 3.423491 -5.674917 1 00341.png
0.0 0.0 -1
342 -0.001469 -0.036218 0.830067 -0.556484 -3.811416 3.412790 -5.877276 1 00342.png
0.0 0.0 -1
343 0.007572 -0.044706 0.842174 -0.537295 -3.918142 3.602823 -5.770181 1 00343.png
0.0 0.0 -1
344 0.007278 -0.055569 0.852971 -0.518940 -4.131747 3.780566 -5.594494 1 00344.png
0.0 0.0 -1
345 0.014444 -0.037558 0.855448 -0.516324 -3.947092 3.919915 -5.715457 1 00345.png
0.0 0.0 -1
346 0.019211 -0.018366 0.849152 -0.527479 -3.774516 3.866759 -5.953125 1 00346.png
0.0 0.0 -1
347 0.031596 -0.012350 0.842403 -0.537780 -3.738463 3.690396 -6.185093 1 00347.png
0.0 0.0 -1
348 0.030966 -0.015173 0.844411 -0.534585 -3.898288 3.715078 -6.184075 1 00348.png
0.0 0.0 -1
349 0.021321 -0.006378 0.835842 -0.548519 -3.962891 3.607407 -6.299405 1 00349.png
0.0 0.0 -1
350 0.030889 0.029143 0.826593 -0.561195 -3.561935 3.593286 -6.647443 1 00350.png
0.0 0.0 -1
351 0.047935 0.058487 0.818106 -0.570074 -3.145719 3.528013 -6.987571 1 00351.png
0.0 0.0 -1
352 0.058465 0.071816 0.817142 -0.568950 -2.963745 3.556076 -7.155170 1 00352.png
0.0 0.0 -1
353 0.073536 0.077601 0.821091 -0.560697 -2.835941 3.636343 -7.260432 1 00353.png
0.0 0.0 -1
354 0.083245 0.069736 0.824543 -0.555280 -2.934970 3.642003 -7.294524 1 00354.png
0.0 0.0 -1
355 0.085357 0.066040 0.842684 -0.527482 -3.065932 4.086801 -7.098081 1 00355.png
0.0 0.0 -1
356 0.103410 0.092943 0.845538 -0.515494 -2.606864 4.367789 -7.217032 1 00356.png
0.0 0.0 -1
357 0.129237 0.117232 0.833051 -0.524958 -2.092609 4.204345 -7.561821 1 00357.png
0.0 0.0 -1
358 0.139143 0.121471 0.826544 -0.531703 -1.994316 4.062265 -7.749004 1 00358.png
0.0 0.0 -1
359 0.128368 0.115881 0.827794 -0.533713 -2.230948 4.080292 -7.769770 1 00359.png
0.0 0.0 -1
360 0.126425 0.112102 0.827243 -0.535835 -2.360834 4.063630 -7.844667 1 00360.png
0.0 0.0 -1
361 0.120248 0.117295 0.823118 -0.542457 -2.384178 4.037633 -7.956366 1 00361.png
0.0 0.0 -1
362 0.119994 0.121286 0.812349 -0.557656 -2.374366 3.793762 -8.186549 1 00362.png
0.0 0.0 -1
363 0.139319 0.122314 0.810740 -0.555275 -2.219681 3.736691 -8.376176 1 00363.png
0.0 0.0 -1
364 0.166517 0.121513 0.810337 -0.548507 -1.991677 3.707533 -8.559889 1 00364.png
0.0 0.0 -1
365 0.177166 0.120215 0.814405 -0.539356 -1.921727 3.828333 -8.628449 1 00365.png
0.0 0.0 -1
366 0.174918 0.124325 0.827985 -0.518062 -1.920899 4.280490 -8.517423 1 00366.png
0.0 0.0 -1
367 0.167715 0.131666 0.834741 -0.507684 -1.899297 4.564039 -8.470556 1 00367.png
0.0 0.0 -1
368 0.154642 0.129788 0.837840 -0.507213 -2.064710 4.679848 -8.481658 1 00368.png
0.0 0.0 -1
369 0.145639 0.114489 0.843561 -0.504070 -2.414564 4.741285 -8.456844 1 00369.png
0.0 0.0 -1
370 0.126990 0.121549 0.840778 -0.512048 -2.472973 4.758413 -8.520942 1 00370.png
0.0 0.0 -1
371 0.129211 0.146138 0.825407 -0.529766 -2.000581 4.518064 -8.847549 1 00371.png
0.0 0.0 -1
372 0.151532 0.120946 0.816113 -0.544398 -2.138074 3.952484 -9.151583 1 00372.png
0.0 0.0 -1
373 0.159443 0.102289 0.810301 -0.554552 -2.285641 3.561531 -9.353666 1 00373.png
0.0 0.0 -1
374 0.156875 0.148113 0.812466 -0.541620 -1.492930 4.068985 -9.406718 1 00374.png
0.0 0.0 -1
375 0.163460 0.116459 0.819445 -0.536868 -1.911728 4.035155 -9.436051 1 00375.png
0.0 0.0 -1
376 0.148889 0.079641 0.826281 -0.537353 -2.682355 3.958959 -9.382754 1 00376.png
0.0 0.0 -1
377 0.142575 0.074172 0.813953 -0.558257 -2.793187 3.569384 -9.607404 1 00377.png
0.0 0.0 -1
378 0.142109 0.058668 0.811217 -0.564172 -3.011443 3.394858 -9.708702 1 00378.png
0.0 0.0 -1
379 0.130055 0.028414 0.816939 -0.561150 -3.631042 3.369010 -9.605589 1 00379.png
0.0 0.0 -1
380 0.134441 0.006914 0.807667 -0.574066 -3.862385 2.911971 -9.761260 1 00380.png
0.0 0.0 -1
381 0.182423 0.007256 0.802842 -0.567551 -3.207798 2.784637 -10.129106 1 00381.png
0.0 0.0 -1
382 0.194645 0.028353 0.808204 -0.555082 -2.701144 3.210634 -10.234684 1 00382.png
0.0 0.0 -1
383 0.180698 0.012294 0.821850 -0.540148 -3.166995 3.562222 -10.058182 1 00383.png
0.0 0.0 -1
384 0.129177 0.010215 0.834044 -0.536265 -3.831616 3.995110 -9.733831 1 00384.png
0.0 0.0 -1
385 0.110659 0.015550 0.829002 -0.547968 -3.887098 3.924244 -9.803234 1 00385.png
0.0 0.0 -1
386 0.115606 0.011417 0.797952 -0.591420 -3.748795 2.852000 -10.285644 1 00386.png
0.0 0.0 -1
387 0.134326 -0.016427 0.810367 -0.570080 -3.974050 3.044783 -10.257091 1 00387.png
0.0 0.0 -1
388 0.086722 -0.039137 0.832332 -0.546050 -4.990097 3.758864 -9.642365 1 00388.png
0.0 0.0 -1
389 0.048734 -0.078674 0.839292 -0.535747 -6.078024 3.842018 -9.023014 1 00389.png
0.0 0.0 -1
390 0.049948 -0.100112 0.829501 -0.547184 -6.330247 3.381927 -9.043843 1 00390.png
0.0 0.0 -1
391 0.082571 -0.110292 0.814041 -0.564229 -5.973383 2.715165 -9.473276 1 00391.png
0.0 0.0 -1
392 0.102871 -0.125579 0.774385 -0.611535 -5.660282 1.295174 -9.902986 1 00392.png
0.0 0.0 -1
393 0.099664 -0.123429 0.751046 -0.640908 -5.452186 0.612642 -10.022179 1 00393.png
0.0 0.0 -1
394 0.089496 -0.118844 0.738251 -0.657916 -5.362632 0.301086 -10.015450 1 00394.png
0.0 0.0 -1
395 0.082216 -0.140627 0.735318 -0.657854 -5.622341 0.101778 -9.789651 1 00395.png
0.0 0.0 -1
396 0.056095 -0.162545 0.748224 -0.640776 -6.202132 0.452460 -9.332451 1 00396.png
0.0 0.0 -1
397 0.025645 -0.171557 0.765572 -0.619524 -6.660294 1.067098 -8.877869 1 00397.png
0.0 0.0 -1
398 0.001740 -0.201942 0.774013 -0.600100 -7.261372 1.263864 -8.290839 1 00398.png
0.0 0.0 -1
399 -0.005318 -0.228524 0.777484 -0.585890 -7.600267 1.267070 -7.929727 1 00399.png
0.0 0.0 -1
400 -0.020004 -0.225037 0.770819 -0.595648 -7.622821 1.227583 -7.890485 1 00400.png
0.0 0.0 -1
401 -0.033585 -0.223925 0.763886 -0.604324 -7.661229 1.159287 -7.839950 1 00401.png
0.0 0.0 -1
402 -0.043115 -0.240699 0.770514 -0.588654 -7.913420 1.321670 -7.526943 1 00402.png
0.0 0.0 -1
403 -0.051418 -0.260006 0.769749 -0.580723 -8.138887 1.258456 -7.243603 1 00403.png
0.0 0.0 -1
404 -0.051595 -0.255532 0.771505 -0.580363 -8.009400 1.361996 -7.314039 1 00404.png
0.0 0.0 -1
405 -0.051415 -0.241653 0.774567 -0.582242 -7.750775 1.561418 -7.471607 1 00405.png
0.0 0.0 -1
406 -0.026350 -0.242374 0.764308 -0.596987 -7.362896 1.131095 -7.847005 1 00406.png
0.0 0.0 -1
407 -0.006290 -0.224403 0.773510 -0.592694 -6.866323 1.432795 -8.183637 1 00407.png
0.0 0.0 -1
408 -0.006977 -0.178949 0.787676 -0.589487 -6.218642 2.143616 -8.500226 1 00408.png
0.0 0.0 -1
409 0.004009 -0.154112 0.789276 -0.594370 -5.663552 2.307327 -8.811008 1 00409.png
0.0 0.0 -1
410 0.002916 -0.157051 0.793446 -0.588022 -5.648832 2.454895 -8.753497 1 00410.png
0.0 0.0 -1
411 0.009458 -0.169892 0.806095 -0.566796 -5.737357 2.792701 -8.576004 1 00411.png
0.0 0.0 -1
412 -0.003843 -0.169625 0.794776 -0.582704 -5.788957 2.522344 -8.601861 1 00412.png
0.0 0.0 -1
413 -0.011620 -0.154715 0.784711 -0.600131 -5.576293 2.358117 -8.747189 1 00413.png
0.0 0.0 -1
414 -0.011719 -0.167206 0.788969 -0.591129 -5.737643 2.443608 -8.584579 1 00414.png
0.0 0.0 -1
415 -0.004230 -0.181812 0.789744 -0.585859 -5.842943 2.369645 -8.514498 1 00415.png
0.0 0.0 -1
416 0.000036 -0.173700 0.800457 -0.573669 -5.698972 2.734581 -8.495137 1 00416.png
0.0 0.0 -1
417 -0.002043 -0.141870 0.802260 -0.579869 -5.243572 2.958833 -8.706457 1 00417.png
0.0 0.0 -1
418 0.006292 -0.130943 0.808107 -0.574263 -5.010925 3.168339 -8.776392 1 00418.png
0.0 0.0 -1
419 0.006087 -0.123128 0.821978 -0.556017 -4.956878 3.640318 -8.654621 1 00419.png
0.0 0.0 -1
420 0.000292 -0.101648 0.831522 -0.546113 -4.739178 4.065256 -8.630071 1 00420.png
0.0 0.0 -1
421 0.000340 -0.073823 0.827378 -0.556773 -4.335608 4.076958 -8.884470 1 00421.png
0.0 0.0 -1
422 0.005760 -0.055592 0.823513 -0.564537 -4.050063 4.031455 -9.098467 1 00422.png
0.0 0.0 -1
423 0.000346 -0.063285 0.834274 -0.547706 -4.316308 4.369717 -8.872669 1 00423.png
0.0 0.0 -1
424 -0.001647 -0.052721 0.839360 -0.541010 -4.207992 4.625879 -8.849939 1 00424.png
0.0 0.0 -1
425 0.012776 -0.025486 0.839037 -0.543327 -3.616414 4.758189 -9.093993 1 00425.png
0.0 0.0 -1
426 0.016881 0.003333 0.838031 -0.545352 -3.089307 4.918751 -9.265692 1 00426.png
0.0 0.0 -1
427 0.013542 0.017645 0.812499 -0.582539 -2.887405 4.200550 -9.721558 1 00427.png
0.0 0.0 -1
428 -0.000771 0.015664 0.798285 -0.602076 -3.112895 3.804744 -9.851699 1 00428.png
0.0 0.0 -1
429 -0.011067 -0.013006 0.811643 -0.583904 -3.768031 4.129753 -9.530624 1 00429.png
0.0 0.0 -1
430 -0.020150 -0.047972 0.812230 -0.581013 -4.520412 3.995305 -9.302152 1 00430.png
0.0 0.0 -1
431 -0.010033 -0.076852 0.819203 -0.568242 -4.948400 4.010647 -9.101011 1 00431.png
0.0 0.0 -1
432 -0.005505 -0.086194 0.823950 -0.560042 -5.097866 4.088917 -8.997154 1 00432.png
0.0 0.0 -1
433 -0.000594 -0.089402 0.833289 -0.545561 -5.151438 4.344028 -8.859259 1 00433.png
0.0 0.0 -1
434 0.012627 -0.068767 0.837650 -0.541714 -4.704088 4.549536 -9.012204 1 00434.png
0.0 0.0 -1
435 0.011519 -0.046608 0.831827 -0.552955 -4.355737 4.476654 -9.226545 1 00435.png
0.0 0.0 -1
436 0.007634 -0.034369 0.833049 -0.552078 -4.229074 4.582163 -9.260786 1 00436.png
0.0 0.0 -1
437 0.008080 -0.034234 0.812653 -0.581685 -4.263428 3.865755 -9.597403 1 00437.png
0.0 0.0 -1
438 -0.009511 -0.035411 0.813159 -0.580885 -4.550296 3.907033 -9.492992 1 00438.png
0.0 0.0 -1
439 -0.010870 -0.038478 0.830015 -0.556306 -4.708318 4.415846 -9.253380 1 00439.png
0.0 0.0 -1
440 -0.008730 -0.043374 0.835813 -0.547228 -4.853780 4.533705 -9.168943 1 00440.png
0.0 0.0 -1
441 0.003597 -0.034766 0.844458 -0.534479 -4.657225 4.795332 -9.191824 1 00441.png
0.0 0.0 -1
442 0.029005 -0.018486 0.860159 -0.508866 -4.206762 5.332244 -9.182707 1 00442.png
0.0 0.0 -1
443 0.008365 -0.035070 0.876386 -0.480259 -4.808503 5.836986 -8.618485 1 00443.png
0.0 0.0 -1
444 -0.001121 -0.051418 0.851348 -0.522075 -5.263064 4.861505 -9.008164 1 00444.png
0.0 0.0 -1
445 0.009811 -0.064292 0.826276 -0.559498 -5.425423 3.852711 -9.444709 1 00445.png
0.0 0.0 -1
446 0.012737 -0.056740 0.823004 -0.565051 -5.359928 3.766545 -9.574245 1 00446.png
0.0 0.0 -1
447 0.015814 -0.029594 0.832506 -0.552999 -4.974370 4.274739 -9.633357 1 00447.png
0.0 0.0 -1
448 0.024249 -0.013588 0.826924 -0.561627 -4.692786 4.165379 -9.873595 1 00448.png
0.0 0.0 -1
449 0.024805 -0.000446 0.819712 -0.572238 -4.540952 4.002441 -10.054234 1 00449.png
0.0 0.0 -1
450 0.022135 -0.004718 0.815438 -0.578402 -4.742977 3.821570 -10.077183 1 00450.png
0.0 0.0 -1
451 0.031218 -0.002470 0.823449 -0.566525 -4.698749 4.064519 -10.055294 1 00451.png
0.0 0.0 -1
452 0.038534 0.007561 0.834930 -0.548954 -4.527109 4.536675 -9.988067 1 00452.png
0.0 0.0 -1
453 0.057802 0.025161 0.842345 -0.535239 -4.053737 4.918667 -10.069768 1 00453.png
0.0 0.0 -1
454 0.090944 0.046935 0.835247 -0.540268 -3.301449 4.812452 -10.447885 1 00454.png
0.0 0.0 -1
455 0.114556 0.068513 0.819759 -0.556936 -2.627492 4.431979 -10.849608 1 00455.png
0.0 0.0 -1
456 0.124493 0.082563 0.824957 -0.545097 -2.290947 4.757641 -10.832017 1 00456.png
0.0 0.0 -1
457 0.128954 0.085600 0.828054 -0.538861 -2.246299 4.897996 -10.826309 1 00457.png
0.0 0.0 -1
458 0.143573 0.088114 0.834242 -0.525037 -2.096039 5.150705 -10.798136 1 00458.png
0.0 0.0 -1
459 0.133831 0.101931 0.856606 -0.487775 -2.079705 6.162646 -10.321309 1 00459.png
0.0 0.0 -1
460 0.122810 0.114148 0.857439 -0.486505 -2.033534 6.347140 -10.272708 1 00460.png
0.0 0.0 -1
461 0.129692 0.120146 0.835952 -0.519547 -1.850435 5.609586 -10.771143 1 00461.png
0.0 0.0 -1
462 0.112675 0.115197 0.825953 -0.540218 -2.226184 5.237603 -10.943405 1 00462.png
0.0 0.0 -1
463 0.093724 0.105289 0.825062 -0.547177 -2.740437 5.177572 -10.914413 1 00463.png
0.0 0.0 -1
464 0.101574 0.092563 0.817363 -0.559493 -2.957489 4.771974 -11.095644 1 00464.png
0.0 0.0 -1
465 0.114466 0.082393 0.811620 -0.566906 -3.026886 4.448594 -11.243962 1 00465.png
0.0 0.0 -1
466 0.119990 0.081589 0.811560 -0.565965 -3.000346 4.439220 -11.282414 1 00466.png
0.0 0.0 -1
467 0.144583 0.089558 0.797993 -0.578171 -2.488351 3.993838 -11.589602 1 00467.png
0.0 0.0 -1
468 0.175946 0.084965 0.773196 -0.603317 -2.074543 3.030358 -11.972190 1 00468.png
0.0 0.0 -1
469 0.179129 0.081864 0.770428 -0.606343 -2.114741 2.894043 -12.018460 1 00469.png
0.0 0.0 -1
470 0.174559 0.096345 0.776326 -0.597967 -1.977260 3.240452 -11.982329 1 00470.png
0.0 0.0 -1
471 0.173136 0.106324 0.776261 -0.596773 -1.869035 3.321124 -12.005707 1 00471.png
0.0 0.0 -1
472 0.169981 0.095443 0.770791 -0.606529 -2.181845 2.978078 -12.059652 1 00472.png
0.0 0.0 -1
473 0.163559 0.079203 0.771093 -0.610239 -2.679363 2.788549 -12.027071 1 00473.png
0.0 0.0 -1
474 0.148172 0.098262 0.790565 -0.586001 -2.684533 3.695442 -11.813407 1 00474.png
0.0 0.0 -1
475 0.132983 0.118653 0.801368 -0.571005 -2.590516 4.332319 -11.649962 1 00475.png
0.0 0.0 -1
476 0.131387 0.120805 0.793220 -0.582190 -2.628991 4.047555 -11.781427 1 00476.png
0.0 0.0 -1
477 0.135778 0.129668 0.790662 -0.582756 -2.447517 4.034385 -11.873843 1 00477.png
0.0 0.0 -1
478 0.150391 0.158921 0.795893 -0.564518 -1.704592 4.535913 -11.886264 1 00478.png
0.0 0.0 -1
479 0.170457 0.169031 0.792897 -0.560078 -1.268338 4.524481 -12.011149 1 00479.png
0.0 0.0 -1
480 0.195477 0.166482 0.785929 -0.562484 -1.001430 4.231084 -12.206060 1 00480.png
0.0 0.0 -1
481 0.203835 0.189072 0.788749 -0.548249 -0.472186 4.629437 -12.160328 1 00481.png
0.0 0.0 -1
482 0.200220 0.233385 0.786642 -0.535386 0.376903 5.108796 -12.035068 1 00482.png
0.0 0.0 -1
483 0.212498 0.271992 0.769467 -0.537387 1.388318 4.948058 -12.084646 1 00483.png
0.0 0.0 -1
484 0.232941 0.292991 0.747912 -0.548199 2.132406 4.416711 -12.242874 1 00484.png
0.0 0.0 -1
485 0.239660 0.285989 0.741014 -0.558275 2.016741 4.083412 -12.454842 1 00485.png
0.0 0.0 -1
486 0.229423 0.273506 0.743269 -0.565784 1.486023 3.998441 -12.627253 1 00486.png
0.0 0.0 -1
487 0.208305 0.258322 0.766309 -0.550135 0.693784 4.703781 -12.523906 1 00487.png
0.0 0.0 -1
488 0.191353 0.251762 0.797535 -0.513748 0.175262 5.905104 -12.103287 1 00488.png
0.0 0.0 -1
489 0.175041 0.241358 0.808859 -0.506808 -0.384122 6.246046 -11.999950 1 00489.png
0.0 0.0 -1
490 0.182724 0.226395 0.797989 -0.527798 -0.673321 5.596464 -12.368314 1 00490.png
0.0 0.0 -1
491 0.210185 0.212693 0.785819 -0.541361 -0.603926 4.935220 -12.716683 1 00491.png
0.0 0.0 -1
492 0.204406 0.207962 0.798161 -0.527171 -0.911901 5.381198 -12.581822 1 00492.png
0.0 0.0 -1
493 0.175067 0.221144 0.817551 -0.502053 -1.154626 6.380662 -12.143331 1 00493.png
0.0 0.0 -1
494 0.154319 0.232733 0.823041 -0.494596 -1.252590 6.805411 -11.958174 1 00494.png
0.0 0.0 -1
495 0.145591 0.232755 0.811757 -0.515440 -1.445782 6.339255 -12.228618 1 00495.png
0.0 0.0 -1
496 0.144099 0.215170 0.796485 -0.546397 -1.986452 5.457203 -12.606350 1 00496.png
0.0 0.0 -1
497 0.122237 0.186981 0.798631 -0.558825 -3.068892 5.222361 -12.516734 1 00497.png
0.0 0.0 -1
498 0.092834 0.169681 0.807443 -0.557339 -3.977635 5.475137 -12.188344 1 00498.png
0.0 0.0 -1
499 0.091102 0.155794 0.808651 -0.559921 -4.398280 5.335758 -12.154161 1 00499.png
0.0 0.0 -1
500 0.076791 0.132886 0.809085 -0.567297 -5.191937 5.106875 -11.987590 1 00500.png
0.0 0.0 -1
501 0.102544 0.133951 0.800116 -0.575635 -4.868515 4.608341 -12.374436 1 00501.png
0.0 0.0 -1
502 0.124776 0.131447 0.805023 -0.564881 -4.665083 4.644734 -12.488643 1 00502.png
0.0 0.0 -1
503 0.119119 0.140764 0.813107 -0.552134 -4.634014 5.123690 -12.355140 1 00503.png
0.0 0.0 -1
504 0.104885 0.165029 0.817220 -0.542140 -4.355547 5.720052 -12.233694 1 00504.png
0.0 0.0 -1
505 0.098888 0.168576 0.811762 -0.550314 -4.427377 5.563525 -12.300993 1 00505.png
0.0 0.0 -1
506 0.094398 0.165404 0.801759 -0.566492 -4.654702 5.101009 -12.414040 1 00506.png
0.0 0.0 -1
507 0.065019 0.163774 0.812591 -0.555559 -5.175261 5.658041 -11.943270 1 00507.png
0.0 0.0 -1
508 0.063281 0.164435 0.822735 -0.540429 -5.241571 6.054663 -11.714140 1 00508.png
0.0 0.0 -1
509 0.066994 0.161953 0.830388 -0.528903 -5.308356 6.296568 -11.559923 1 00509.png
0.0 0.0 -1
510 0.094566 0.172545 0.833435 -0.516403 -4.774073 6.426250 -11.744056 1 00510.png
0.0 0.0 -1
511 0.146804 0.206958 0.839683 -0.480156 -3.320313 7.063507 -11.914184 1 00511.png
0.0 0.0 -1
512 0.196531 0.238902 0.843556 -0.438993 -1.912491 7.777378 -11.824316 1 00512.png
0.0 0.0 -1
513 0.232381 0.250043 0.839155 -0.423435 -1.168290 7.876145 -11.897756 1 00513.png
0.0 0.0 -1
514 0.256987 0.257222 0.833467 -0.416086 -0.674970 7.856902 -11.997403 1 00514.png
0.0 0.0 -1
515 0.273886 0.258658 0.819463 -0.431930 -0.375562 7.291456 -12.398447 1 00515.png
0.0 0.0 -1
516 0.280521 0.265062 0.809397 -0.442635 -0.141580 6.947666 -12.634091 1 00516.png
0.0 0.0 -1
517 0.276571 0.290411 0.807300 -0.432939 0.357189 7.339380 -12.463886 1 00517.png
0.0 0.0 -1
518 0.240753 0.287562 0.823415 -0.425832 -0.431723 7.934993 -12.174794 1 00518.png
0.0 0.0 -1
519 0.238479 0.257516 0.818430 -0.454957 -1.293338 7.134196 -12.664773 1 00519.png
0.0 0.0 -1
520 0.247753 0.211289 0.790102 -0.519341 -2.252807 5.001792 -13.563659 1 00520.png
0.0 0.0 -1
521 0.234339 0.190462 0.777802 -0.551210 -3.039341 4.094929 -13.786806 1 00521.png
0.0 0.0 -1
522 0.219303 0.206116 0.787368 -0.538027 -3.067519 4.822612 -13.646634 1 00522.png
0.0 0.0 -1
523 0.204195 0.210021 0.786331 -0.543948 -3.304576 4.916557 -13.645705 1 00523.png
0.0 0.0 -1
524 0.223504 0.191064 0.767460 -0.569689 -3.411935 3.781272 -14.040880 1 00524.png
0.0 0.0 -1
525 0.253113 0.186693 0.748669 -0.583587 -2.912057 2.914922 -14.404368 1 00525.png
0.0 0.0 -1
526 0.238592 0.201721 0.763795 -0.564801 -2.927195 3.845317 -14.239251 1 00526.png
0.0 0.0 -1
527 0.213427 0.217836 0.773895 -0.555052 -3.079160 4.631711 -14.034731 1 00527.png
0.0 0.0 -1
528 0.192999 0.219439 0.772258 -0.564106 -3.439983 4.679200 -13.993870 1 00528.png
0.0 0.0 -1
529 0.171237 0.198311 0.771485 -0.579795 -4.374669 4.372681 -13.878320 1 00529.png
0.0 0.0 -1
530 0.151163 0.174421 0.768048 -0.597352 -5.332229 3.941567 -13.709380 1 00530.png
0.0 0.0 -1
531 0.128363 0.156739 0.775070 -0.598516 -6.179653 4.081496 -13.347299 1 00531.png
0.0 0.0 -1
532 0.102488 0.146774 0.793216 -0.582033 -6.870181 4.825036 -12.792607 1 00532.png
0.0 0.0 -1
533 0.084529 0.141606 0.798836 -0.578501 -7.292613 5.119487 -12.470757 1 00533.png
0.0 0.0 -1
534 0.074696 0.134466 0.795597 -0.585973 -7.624157 4.971918 -12.343856 1 00534.png
0.0 0.0 -1
535 0.072910 0.134551 0.791208 -0.592089 -7.656840 4.837312 -12.378467 1 00535.png
0.0 0.0 -1
536 0.083880 0.138706 0.786561 -0.595858 -7.409430 4.640730 -12.604174 1 00536.png
0.0 0.0 -1
537 0.098387 0.143951 0.782947 -0.597153 -7.069100 4.468691 -12.854436 1 00537.png
0.0 0.0 -1
538 0.115786 0.155615 0.775704 -0.600551 -6.522642 4.262766 -13.206581 1 00538.png
0.0 0.0 -1
539 0.134188 0.168835 0.768212 -0.602775 -5.918405 4.077142 -13.552136 1 00539.png
0.0 0.0 -1
540 0.149147 0.176107 0.768079 -0.597324 -5.526162 4.111005 -13.726418 1 00540.png
0.0 0.0 -1
541 0.152862 0.189541 0.768241 -0.592042 -5.195474 4.355380 -13.808819 1 00541.png
0.0 0.0 -1
542 0.150606 0.211080 0.757031 -0.599722 -4.760104 4.327161 -13.994005 1 00542.png
0.0 0.0 -1
543 0.155680 0.226615 0.740973 -0.612673 -4.370498 3.953439 -14.254809 1 00543.png
0.0 0.0 -1
544 0.172921 0.237296 0.732345 -0.614378 -3.893145 3.709003 -14.486842 1 00544.png
0.0 0.0 -1
545 0.186239 0.242610 0.734893 -0.605300 -3.606521 3.844753 -14.555203 1 00545.png
0.0 0.0 -1
546 0.198318 0.248206 0.738602 -0.594585 -3.326487 4.041588 -14.590439 1 00546.png
0.0 0.0 -1
547 0.208888 0.252350 0.731163 -0.598403 -3.091083 3.769881 -14.726058 1 00547.png
0.0 0.0 -1
548 0.212807 0.251927 0.727179 -0.602043 -3.101669 3.577974 -14.789350 1 00548.png
0.0 0.0 -1
549 0.211841 0.264790 0.723716 -0.601036 -2.864804 3.679403 -14.839446 1 00549.png
0.0 0.0 -1
550 0.238882 0.294044 0.711764 -0.591495 -1.642315 3.659466 -15.066731 1 00550.png
0.0 0.0 -1
551 0.267886 0.309430 0.711082 -0.571710 -0.718705 3.895638 -15.129558 1 00551.png
0.0 0.0 -1
552 0.292926 0.324008 0.715679 -0.544993 0.105874 4.426683 -15.055784 1 00552.png
0.0 0.0 -1
553 0.309521 0.340248 0.718081 -0.522290 0.790248 4.938988 -14.922863 1 00553.png
0.0 0.0 -1
554 0.315691 0.361855 0.705964 -0.520591 1.443567 4.883054 -14.918510 1 00554.png
0.0 0.0 -1
555 0.318504 0.370630 0.690540 -0.533238 1.681568 4.376151 -15.062197 1 00555.png
0.0 0.0 -1
556 0.315732 0.366160 0.682660 -0.547920 1.403900 3.898324 -15.230002 1 00556.png
0.0 0.0 -1
557 0.310987 0.367419 0.678880 -0.554448 1.233391 3.731572 -15.294350 1 00557.png
0.0 0.0 -1
558 0.304535 0.370320 0.680785 -0.553763 1.062733 3.859791 -15.282972 1 00558.png
0.0 0.0 -1
559 0.302816 0.376878 0.682297 -0.548394 1.105683 4.073934 -15.240546 1 00559.png
0.0 0.0 -1
560 0.308885 0.396331 0.674242 -0.541212 1.696591 4.181456 -15.182705 1 00560.png
0.0 0.0 -1
561 0.316011 0.397810 0.668187 -0.543516 1.807567 3.970894 -15.251869 1 00561.png
0.0 0.0 -1
562 0.326920 0.387876 0.666959 -0.545748 1.668150 3.713885 -15.360364 1 00562.png
0.0 0.0 -1
563 0.354679 0.388520 0.657190 -0.539775 2.230815 3.397871 -15.396854 1 00563.png
0.0 0.0 -1
564 0.365650 0.389825 0.661981 -0.525469 2.414607 3.707825 -15.329656 1 00564.png
0.0 0.0 -1
565 0.363217 0.402070 0.663548 -0.515865 2.608363 4.074967 -15.227245 1 00565.png
0.0 0.0 -1
566 0.379466 0.412166 0.648404 -0.515458 3.210627 3.744661 -15.217276 1 00566.png
0.0 0.0 -1
567 0.375140 0.414934 0.640470 -0.526211 3.116251 3.428284 -15.337068 1 00567.png
0.0 0.0 -1
568 0.364066 0.412770 0.640629 -0.535417 2.702521 3.323362 -15.468356 1 00568.png
0.0 0.0 -1
569 0.351794 0.415223 0.647352 -0.533635 2.386769 3.641741 -15.480461 1 00569.png
0.0 0.0 -1
570 0.351772 0.416073 0.648354 -0.531768 2.327576 3.734382 -15.502302 1 00570.png
0.0 0.0 -1
571 0.350508 0.420261 0.643639 -0.535028 2.367799 3.645789 -15.555799 1 00571.png
0.0 0.0 -1
572 0.349082 0.423436 0.642249 -0.535126 2.378405 3.669275 -15.590284 1 00572.png
0.0 0.0 -1
573 0.363917 0.428422 0.637313 -0.527116 2.828817 3.643150 -15.567729 1 00573.png
0.0 0.0 -1
574 0.378425 0.451251 0.626765 -0.510228 3.820572 3.836773 -15.357091 1 00574.png
0.0 0.0 -1
575 0.381683 0.461588 0.635036 -0.487837 4.153911 4.540334 -15.125882 1 00575.png
0.0 0.0 -1
576 0.376549 0.461208 0.648088 -0.474848 3.964764 5.137558 -15.023153 1 00576.png
0.0 0.0 -1
577 0.358965 0.448119 0.657024 -0.488520 3.118196 5.102657 -15.252827 1 00577.png
0.0 0.0 -1
578 0.339171 0.422065 0.666845 -0.511998 1.827443 4.789094 -15.570690 1 00578.png
0.0 0.0 -1
579 0.314245 0.387421 0.687161 -0.528171 0.167834 4.774710 -15.686538 1 00579.png
0.0 0.0 -1
580 0.295212 0.358850 0.700202 -0.542028 -1.142533 4.642788 -15.689794 1 00580.png
0.0 0.0 -1
581 0.283745 0.346962 0.704704 -0.549999 -1.764087 4.569815 -15.656856 1 00581.png
0.0 0.0 -1
582 0.266990 0.332190 0.713250 -0.556453 -2.563527 4.618665 -15.532193 1 00582.png
0.0 0.0 -1
583 0.247697 0.315998 0.722452 -0.562898 -3.422917 4.689365 -15.340099 1 00583.png
0.0 0.0 -1
584 0.230435 0.301865 0.726830 -0.572272 -4.143544 4.623595 -15.168677 1 00584.png
0.0 0.0 -1
585 0.219766 0.287194 0.725817 -0.585159 -4.715137 4.308907 -15.071458 1 00585.png
0.0 0.0 -1
586 0.211418 0.273654 0.727799 -0.592220 -5.196967 4.133580 -14.934480 1 00586.png
0.0 0.0 -1
587 0.200457 0.255614 0.729883 -0.601456 -5.834829 3.893001 -14.733399 1 00587.png
0.0 0.0 -1
588 0.184696 0.237542 0.739450 -0.602225 -6.539991 3.982308 -14.380380 1 00588.png
0.0 0.0 -1
589 0.171345 0.219543 0.745653 -0.605345 -7.175563 3.935442 -14.056442 1 00589.png
0.0 0.0 -1
590 0.163503 0.203734 0.752427 -0.604659 -7.640132 3.908813 -13.786198 1 00590.png
0.0 0.0 -1
591 0.150441 0.189273 0.761072 -0.601924 -8.150010 4.027956 -13.421341 1 00591.png
0.0 0.0 -1
592 0.133286 0.180073 0.761538 -0.608167 -8.583412 4.026157 -13.111315 1 00592.png
0.0 0.0 -1
593 0.122055 0.170891 0.757352 -0.618318 -8.915151 3.815304 -12.914515 1 00593.png
0.0 0.0 -1
594 0.115003 0.162299 0.756288 -0.623267 -9.165179 3.679744 -12.744200 1 00594.png
0.0 0.0 -1
595 0.108136 0.153322 0.757724 -0.625023 -9.415968 3.622009 -12.548715 1 00595.png
0.0 0.0 -1
596 0.114593 0.139132 0.764568 -0.618827 -9.575104 3.464216 -12.451447 1 00596.png
0.0 0.0 -1
597 0.105844 0.112729 0.785012 -0.599871 -10.214454 3.683206 -11.850776 1 00597.png
0.0 0.0 -1
598 0.086277 0.095586 0.797086 -0.589978 -10.790655 3.952958 -11.228537 1 00598.png
0.0 0.0 -1
599 0.070973 0.086902 0.799204 -0.590494 -11.119641 4.033712 -10.873846 1 00599.png
0.0 0.0 -1
600 0.057540 0.080799 0.802695 -0.588083 -11.362102 4.204040 -10.552850 1 00600.png
0.0 0.0 -1
601 0.037275 0.070995 0.805693 -0.586881 -11.741662 4.379594 -10.036448 1 00601.png
0.0 0.0 -1
602 0.015962 0.069535 0.803789 -0.590622 -11.943159 4.615164 -9.646616 1 00602.png
0.0 0.0 -1
603 0.021046 0.065564 0.799602 -0.596570 -11.905004 4.338329 -9.766797 1 00603.png
0.0 0.0 -1
604 0.024727 0.066916 0.799678 -0.596176 -11.765839 4.318689 -9.873603 1 00604.png
0.0 0.0 -1
605 0.008741 0.069232 0.797106 -0.599794 -11.815763 4.529821 -9.640252 1 00605.png
0.0 0.0 -1
606 0.012569 0.071482 0.800166 -0.595372 -11.663679 4.618740 -9.716927 1 00606.png
0.0 0.0 -1
607 0.015808 0.079687 0.799055 -0.595745 -11.406984 4.715468 -9.916248 1 00607.png
0.0 0.0 -1
608 0.020236 0.086312 0.795435 -0.599520 -11.171306 4.678240 -10.153592 1 00608.png
0.0 0.0 -1
609 0.022249 0.094318 0.793884 -0.600297 -10.927436 4.762611 -10.335451 1 00609.png
0.0 0.0 -1
610 0.016813 0.099903 0.790546 -0.603965 -10.807912 4.848261 -10.381864 1 00610.png
0.0 0.0 -1
611 0.007294 0.102246 0.789882 -0.604631 -10.785489 5.005858 -10.285307 1 00611.png
0.0 0.0 -1
612 -0.006895 0.110380 0.786204 -0.607990 -10.697879 5.261334 -10.212419 1 00612.png
0.0 0.0 -1
613 -0.013135 0.117479 0.787897 -0.604355 -10.540332 5.541664 -10.196109 1 00613.png
0.0 0.0 -1
614 -0.011249 0.109976 0.799845 -0.589938 -10.587958 5.728921 -10.000208 1 00614.png
0.0 0.0 -1
615 -0.004522 0.089430 0.803760 -0.588177 -10.864255 5.335326 -9.856570 1 00615.png
0.0 0.0 -1
616 0.011027 0.085221 0.803659 -0.588853 -10.709746 5.006365 -10.121447 1 00616.png
0.0 0.0 -1
617 0.025839 0.102646 0.807855 -0.579799 -10.101568 5.257755 -10.539202 1 00617.png
0.0 0.0 -1
618 0.038457 0.118214 0.812925 -0.568946 -9.542382 5.555273 -10.833743 1 00618.png
0.0 0.0 -1
619 0.052955 0.123868 0.814743 -0.563956 -9.160638 5.546894 -11.087283 1 00619.png
0.0 0.0 -1
620 0.067578 0.123767 0.817483 -0.558423 -8.891273 5.470555 -11.267447 1 00620.png
0.0 0.0 -1
621 0.082577 0.106824 0.819983 -0.556235 -8.960102 5.056685 -11.320701 1 00621.png
0.0 0.0 -1
622 0.067801 0.102698 0.819813 -0.559252 -9.140275 5.103564 -11.079139 1 00622.png
0.0 0.0 -1
623 0.044014 0.085295 0.816941 -0.568678 -9.678307 4.907852 -10.612221 1 00623.png
0.0 0.0 -1
624 0.024252 0.066472 0.816093 -0.573573 -10.170320 4.744311 -10.129420 1 00624.png
0.0 0.0 -1
625 0.026797 0.037397 0.819097 -0.571807 -10.583542 4.256032 -9.823401 1 00625.png
0.0 0.0 -1
626 0.028740 0.009189 0.827283 -0.560975 -10.957732 3.962064 -9.418838 1 00626.png
0.0 0.0 -1
627 0.016133 -0.009529 0.832204 -0.554153 -11.315329 3.914521 -8.896937 1 00627.png
0.0 0.0 -1
628 0.011483 -0.016578 0.830658 -0.556418 -11.377298 3.784363 -8.754086 1 00628.png
0.0 0.0 -1
629 0.013575 -0.028686 0.825982 -0.562803 -11.442152 3.388287 -8.704810 1 00629.png
0.0 0.0 -1
630 -0.005183 -0.037955 0.820936 -0.569734 -11.671857 3.313258 -8.295533 1 00630.png
0.0 0.0 -1
631 -0.016168 -0.055259 0.820568 -0.568641 -11.931090 3.154329 -7.860414 1 00631.png
0.0 0.0 -1
632 -0.024451 -0.078982 0.817125 -0.570500 -12.222207 2.765956 -7.423910 1 00632.png
0.0 0.0 -1
633 -0.033818 -0.086720 0.814579 -0.572536 -12.303942 2.703740 -7.203503 1 00633.png
0.0 0.0 -1
634 -0.068337 -0.071839 0.817300 -0.567617 -12.295143 3.541423 -6.762130 1 00634.png
0.0 0.0 -1
635 -0.090261 -0.078976 0.811433 -0.572007 -12.464103 3.589923 -6.339277 1 00635.png
0.0 0.0 -1
636 -0.091002 -0.108969 0.810767 -0.567892 -12.764834 3.081633 -5.918478 1 00636.png
0.0 0.0 -1
637 -0.077502 -0.138290 0.816390 -0.555316 -12.931369 2.546700 -5.730304 1 00637.png
0.0 0.0 -1
638 -0.068299 -0.149466 0.821516 -0.545991 -12.898944 2.378329 -5.751914 1 00638.png
0.0 0.0 -1
639 -0.078302 -0.150377 0.817584 -0.550284 -12.876482 2.396316 -5.633831 1 00639.png
0.0 0.0 -1
640 -0.069401 -0.161006 0.802513 -0.570293 -12.795152 1.687926 -5.882760 1 00640.png
0.0 0.0 -1
641 -0.026522 -0.165378 0.794670 -0.583478 -12.332249 0.849523 -6.828054 1 00641.png
0.0 0.0 -1
642 -0.009032 -0.165011 0.811006 -0.561212 -12.079615 1.128539 -7.113436 1 00642.png
0.0 0.0 -1
643 -0.011258 -0.174447 0.828956 -0.531294 -12.140370 1.551739 -6.810290 1 00643.png
0.0 0.0 -1
644 0.005767 -0.186852 0.834486 -0.518349 -12.015733 1.386247 -6.955678 1 00644.png
0.0 0.0 -1
645 0.014088 -0.186645 0.832562 -0.521350 -11.814550 1.303098 -7.207110 1 00645.png
0.0 0.0 -1
646 -0.002830 -0.185921 0.826452 -0.531415 -11.844299 1.352780 -7.032884 1 00646.png
0.0 0.0 -1
647 -0.015794 -0.189925 0.821315 -0.537700 -11.882552 1.334205 -6.850647 1 00647.png
0.0 0.0 -1
648 -0.029376 -0.188575 0.835280 -0.515640 -11.931543 1.971053 -6.488045 1 00648.png
0.0 0.0 -1
649 -0.020499 -0.196345 0.839041 -0.506990 -11.842913 1.922110 -6.532843 1 00649.png
0.0 0.0 -1
650 0.013002 -0.187889 0.836748 -0.514180 -11.305543 1.717524 -7.354134 1 00650.png
0.0 0.0 -1
651 0.031148 -0.177964 0.829803 -0.528001 -10.860851 1.540035 -7.929059 1 00651.png
0.0 0.0 -1
652 0.022393 -0.171013 0.829327 -0.531478 -10.773516 1.737006 -7.901551 1 00652.png
0.0 0.0 -1
653 0.031491 -0.176037 0.823886 -0.537803 -10.609596 1.466638 -8.067593 1 00653.png
0.0 0.0 -1
654 0.036153 -0.176639 0.817502 -0.546976 -10.443386 1.281354 -8.218182 1 00654.png
0.0 0.0 -1
655 0.012648 -0.169722 0.831630 -0.528608 -10.593139 2.067635 -7.767155 1 00655.png
0.0 0.0 -1
656 -0.008791 -0.176317 0.844764 -0.505182 -10.835910 2.623842 -7.133378 1 00656.png
0.0 0.0 -1
657 -0.014366 -0.183469 0.844265 -0.503338 -10.874140 2.622363 -6.950521 1 00657.png
0.0 0.0 -1
658 -0.012135 -0.193829 0.846081 -0.496417 -10.885979 2.573837 -6.818427 1 00658.png
0.0 0.0 -1
659 -0.022837 -0.218567 0.840637 -0.495011 -11.143364 2.210632 -6.361669 1 00659.png
0.0 0.0 -1
660 -0.035038 -0.209276 0.840185 -0.499064 -11.048024 2.474120 -6.299371 1 00660.png
0.0 0.0 -1
661 -0.023688 -0.194579 0.846174 -0.495548 -10.706031 2.797666 -6.634482 1 00661.png
0.0 0.0 -1
662 -0.004164 -0.194523 0.847824 -0.493293 -10.449308 2.741060 -6.958606 1 00662.png
0.0 0.0 -1
663 -0.014940 -0.188227 0.861034 -0.472195 -10.418180 3.380365 -6.631801 1 00663.png
0.0 0.0 -1
664 -0.026365 -0.179871 0.869230 -0.459772 -10.335334 3.897506 -6.396474 1 00664.png
0.0 0.0 -1
665 -0.033533 -0.168236 0.868070 -0.465861 -10.141948 4.123207 -6.489548 1 00665.png
0.0 0.0 -1
666 -0.066243 -0.155232 0.857619 -0.485803 -10.094202 4.305380 -6.355580 1 00666.png
0.0 0.0 -1
667 -0.079587 -0.135212 0.846438 -0.508849 -9.799622 4.391351 -6.637476 1 00667.png
0.0 0.0 -1
668 -0.064426 -0.147588 0.836709 -0.523436 -9.752568 3.838842 -6.914160 1 00668.png
0.0 0.0 -1
669 -0.070202 -0.160023 0.822064 -0.541918 -9.852029 3.350342 -6.901165 1 00669.png
0.0 0.0 -1
670 -0.080543 -0.142101 0.810800 -0.562071 -9.589332 3.348937 -7.155700 1 00670.png
0.0 0.0 -1
671 -0.084961 -0.111166 0.814484 -0.563063 -9.084766 3.865873 -7.450850 1 00671.png
0.0 0.0 -1
672 -0.069018 -0.082583 0.807342 -0.580186 -8.421914 3.813752 -8.133174 1 00672.png
0.0 0.0 -1
673 -0.062158 -0.069369 0.796955 -0.596815 -8.044364 3.593599 -8.509407 1 00673.png
0.0 0.0 -1
674 -0.051750 -0.078726 0.789652 -0.606278 -7.971032 3.198395 -8.631671 1 00674.png
0.0 0.0 -1
675 -0.064912 -0.087447 0.795085 -0.596640 -8.111006 3.414616 -8.319573 1 00675.png
0.0 0.0 -1
676 -0.082786 -0.089065 0.786526 -0.605468 -8.194610 3.323673 -8.186914 1 00676.png
0.0 0.0 -1
677 -0.098523 -0.089052 0.769888 -0.624208 -8.236911 3.010173 -8.176462 1 00677.png
0.0 0.0 -1
678 -0.102862 -0.112075 0.755475 -0.637272 -8.505012 2.453206 -7.990371 1 00678.png
0.0 0.0 -1
679 -0.100083 -0.148975 0.750653 -0.635854 -8.879503 1.977684 -7.622779 1 00679.png
0.0 0.0 -1
680 -0.108325 -0.173589 0.756591 -0.621049 -9.179981 2.033075 -7.160944 1 00680.png
0.0 0.0 -1
681 -0.114379 -0.191227 0.753320 -0.618756 -9.356408 1.861285 -6.881332 1 00681.png
0.0 0.0 -1
682 -0.116269 -0.191850 0.757988 -0.612478 -9.296253 1.995228 -6.835728 1 00682.png
0.0 0.0 -1
683 -0.109645 -0.185643 0.768559 -0.602355 -9.084962 2.268241 -6.950403 1 00683.png
0.0 0.0 -1
684 -0.094855 -0.187497 0.771838 -0.600094 -8.900941 2.205664 -7.126441 1 00684.png
0.0 0.0 -1
685 -0.092475 -0.179810 0.768410 -0.607176 -8.706663 2.171220 -7.312979 1 00685.png
0.0 0.0 -1
686 -0.079875 -0.186820 0.767837 -0.607573 -8.606538 1.983767 -7.421926 1 00686.png
0.0 0.0 -1
687 -0.086313 -0.188288 0.768357 -0.605578 -8.600763 2.054835 -7.339733 1 00687.png
0.0 0.0 -1
688 -0.112557 -0.176159 0.775789 -0.595357 -8.592511 2.634887 -7.098871 1 00688.png
0.0 0.0 -1
689 -0.143788 -0.175170 0.772080 -0.593744 -8.752098 2.888143 -6.740155 1 00689.png
0.0 0.0 -1
690 -0.142908 -0.189304 0.765656 -0.597923 -8.858872 2.604748 -6.646234 1 00690.png
0.0 0.0 -1
691 -0.144537 -0.205575 0.759738 -0.599705 -9.006006 2.341710 -6.471169 1 00691.png
0.0 0.0 -1
692 -0.155615 -0.209960 0.761740 -0.592834 -9.079904 2.491111 -6.246667 1 00692.png
0.0 0.0 -1
693 -0.169060 -0.208844 0.762204 -0.588938 -9.101550 2.664688 -6.075113 1 00693.png
0.0 0.0 -1
694 -0.172415 -0.193829 0.768517 -0.584880 -8.879425 2.984406 -6.190913 1 00694.png
0.0 0.0 -1
695 -0.168041 -0.171439 0.774292 -0.585528 -8.483460 3.267124 -6.514169 1 00695.png
0.0 0.0 -1
696 -0.161898 -0.167628 0.773175 -0.589822 -8.328741 3.208162 -6.667975 1 00696.png
0.0 0.0 -1
697 -0.149703 -0.175457 0.772007 -0.592291 -8.265967 2.978583 -6.758696 1 00697.png
0.0 0.0 -1
698 -0.146751 -0.170313 0.782021 -0.581293 -8.091515 3.246001 -6.767098 1 00698.png
0.0 0.0 -1
699 -0.142768 -0.172794 0.783426 -0.579658 -8.026973 3.216682 -6.789976 1 00699.png
0.0 0.0 -1
700 -0.146329 -0.173520 0.780274 -0.582796 -8.001677 3.146521 -6.790619 1 00700.png
0.0 0.0 -1
701 -0.143320 -0.165336 0.782851 -0.582467 -7.808593 3.228773 -6.926845 1 00701.png
0.0 0.0 -1
702 -0.136187 -0.157206 0.784187 -0.584629 -7.573341 3.248689 -7.128200 1 00702.png
0.0 0.0 -1
703 -0.120187 -0.151662 0.784401 -0.589295 -7.284272 3.137160 -7.411806 1 00703.png
0.0 0.0 -1
704 -0.110692 -0.162870 0.789026 -0.581944 -7.276805 3.114910 -7.364378 1 00704.png
0.0 0.0 -1
705 -0.094342 -0.185066 0.811029 -0.546884 -7.357847 3.478014 -7.029660 1 00705.png
0.0 0.0 -1
706 -0.096466 -0.207281 0.820456 -0.524005 -7.579602 3.633509 -6.593188 1 00706.png
0.0 0.0 -1
707 -0.101105 -0.206606 0.814459 -0.532681 -7.506657 3.505397 -6.627215 1 00707.png
0.0 0.0 -1
708 -0.091391 -0.195164 0.816512 -0.535600 -7.181431 3.565235 -6.832806 1 00708.png
0.0 0.0 -1
709 -0.086234 -0.210623 0.820141 -0.524948 -7.257242 3.543937 -6.640300 1 00709.png
0.0 0.0 -1
710 -0.102694 -0.223426 0.811394 -0.530259 -7.456444 3.335435 -6.408297 1 00710.png
0.0 0.0 -1
711 -0.113998 -0.241913 0.807393 -0.525927 -7.683672 3.204584 -6.083544 1 00711.png
0.0 0.0 -1
712 -0.136966 -0.269680 0.809554 -0.503125 -8.084732 3.293325 -5.365795 1 00712.png
0.0 0.0 -1
713 -0.168543 -0.298651 0.809241 -0.477001 -8.492673 3.398900 -4.483331 1 00713.png
0.0 0.0 -1
714 -0.179020 -0.330653 0.799580 -0.468286 -8.776383 3.069664 -3.979046 1 00714.png
0.0 0.0 -1
715 -0.178883 -0.382851 0.782238 -0.457744 -9.134652 2.335630 -3.394109 1 00715.png
0.0 0.0 -1
716 -0.174830 -0.431951 0.767822 -0.439662 -9.353547 1.677099 -2.807298 1 00716.png
0.0 0.0 -1
717 -0.191021 -0.454252 0.760959 -0.422027 -9.412288 1.562637 -2.232551 1 00717.png
0.0 0.0 -1
718 -0.213447 -0.453400 0.760653 -0.412645 -9.335063 1.823034 -1.882827 1 00718.png
0.0 0.0 -1
719 -0.227260 -0.440124 0.769597 -0.402943 -9.149177 2.299117 -1.767763 1 00719.png
0.0 0.0 -1
720 -0.225349 -0.425891 0.779833 -0.399618 -8.924423 2.660866 -1.912756 1 00720.png
0.0 0.0 -1
721 -0.239003 -0.419175 0.774617 -0.408825 -8.790374 2.791652 -1.930452 1 00721.png
0.0 0.0 -1
722 -0.242872 -0.416583 0.762036 -0.432173 -8.696592 2.631002 -2.188417 1 00722.png
0.0 0.0 -1
723 -0.252722 -0.400092 0.752668 -0.457765 -8.516821 2.650801 -2.537510 1 00723.png
0.0 0.0 -1
724 -0.272459 -0.386037 0.743450 -0.473311 -8.397926 2.752704 -2.648443 1 00724.png
0.0 0.0 -1
725 -0.291912 -0.385442 0.734339 -0.476411 -8.386555 2.802143 -2.502162 1 00725.png
0.0 0.0 -1
726 -0.298489 -0.385727 0.727878 -0.481988 -8.339623 2.765818 -2.514377 1 00726.png
0.0 0.0 -1
727 -0.298182 -0.383529 0.722345 -0.492149 -8.248578 2.682773 -2.668393 1 00727.png
0.0 0.0 -1
728 -0.307141 -0.378557 0.711988 -0.505404 -8.177818 2.603822 -2.766282 1 00728.png
0.0 0.0 -1
729 -0.314422 -0.362395 0.706406 -0.520383 -8.030724 2.634193 -3.017543 1 00729.png
0.0 0.0 -1
730 -0.308319 -0.328130 0.709475 -0.542140 -7.665504 2.745606 -3.646926 1 00730.png
0.0 0.0 -1
731 -0.296854 -0.292424 0.708805 -0.569176 -7.231113 2.709455 -4.349582 1 00731.png
0.0 0.0 -1
732 -0.293621 -0.279774 0.704188 -0.582780 -7.016357 2.604877 -4.615841 1 00732.png
0.0 0.0 -1
733 -0.282976 -0.294273 0.698386 -0.587865 -7.012453 2.335415 -4.615917 1 00733.png
0.0 0.0 -1
734 -0.288594 -0.303233 0.705518 -0.571846 -7.005474 2.531288 -4.401693 1 00734.png
0.0 0.0 -1
735 -0.296799 -0.298693 0.709198 -0.565448 -6.882070 2.702482 -4.364667 1 00735.png
0.0 0.0 -1
736 -0.307061 -0.298141 0.707360 -0.562554 -6.825313 2.765679 -4.294659 1 00736.png
0.0 0.0 -1
737 -0.304229 -0.309408 0.711174 -0.553121 -6.838695 2.795689 -4.171348 1 00737.png
0.0 0.0 -1
738 -0.293815 -0.326127 0.712597 -0.547284 -6.866965 2.689351 -4.082403 1 00738.png
0.0 0.0 -1
739 -0.282877 -0.342926 0.706154 -0.551116 -6.898720 2.408082 -4.061472 1 00739.png
0.0 0.0 -1
740 -0.282052 -0.339048 0.705195 -0.555152 -6.777923 2.379240 -4.141025 1 00740.png
0.0 0.0 -1
741 -0.283291 -0.336971 0.707837 -0.552416 -6.655685 2.436390 -4.131931 1 00741.png
0.0 0.0 -1
742 -0.281846 -0.345818 0.705533 -0.550633 -6.621180 2.356593 -4.042116 1 00742.png
0.0 0.0 -1
743 -0.271353 -0.344796 0.704029 -0.558415 -6.456460 2.235605 -4.178313 1 00743.png
0.0 0.0 -1
744 -0.279691 -0.332154 0.708578 -0.556205 -6.252167 2.423554 -4.203207 1 00744.png
0.0 0.0 -1
745 -0.277305 -0.325870 0.713850 -0.554372 -6.038670 2.502316 -4.261650 1 00745.png
0.0 0.0 -1
746 -0.286600 -0.314914 0.724399 -0.542159 -5.824431 2.782238 -4.198282 1 00746.png
0.0 0.0 -1
747 -0.313440 -0.312166 0.711920 -0.545415 -5.783712 2.739243 -4.055367 1 00747.png
0.0 0.0 -1
748 -0.335108 -0.316079 0.680846 -0.569426 -5.832636 2.325486 -4.008556 1 00748.png
0.0 0.0 -1
749 -0.327746 -0.344594 0.662223 -0.579050 -5.941306 1.897420 -3.844487 1 00749.png
0.0 0.0 -1
750 -0.317627 -0.392410 0.652493 -0.565137 -6.146749 1.627029 -3.403651 1 00750.png
0.0 0.0 -1
751 -0.328436 -0.412910 0.649381 -0.547667 -6.203776 1.677957 -3.033185 1 00751.png
0.0 0.0 -1
752 -0.325563 -0.388381 0.662381 -0.551744 -5.902161 1.880906 -3.298934 1 00752.png
0.0 0.0 -1
753 -0.313409 -0.359126 0.667270 -0.572323 -5.532095 1.850362 -3.731541 1 00753.png
0.0 0.0 -1
754 -0.322153 -0.347549 0.651146 -0.592821 -5.414905 1.617987 -3.840296 1 00754.png
0.0 0.0 -1
755 -0.322910 -0.347753 0.643284 -0.600818 -5.347012 1.476991 -3.846172 1 00755.png
0.0 0.0 -1
756 -0.311917 -0.355939 0.645520 -0.599433 -5.281103 1.407817 -3.832881 1 00756.png
0.0 0.0 -1
757 -0.302392 -0.367414 0.647622 -0.595106 -5.235230 1.325336 -3.779967 1 00757.png
0.0 0.0 -1
758 -0.304860 -0.363766 0.651820 -0.591494 -5.138677 1.350113 -3.770915 1 00758.png
0.0 0.0 -1
759 -0.299312 -0.338044 0.663517 -0.596559 -4.831262 1.432045 -3.996668 1 00759.png
0.0 0.0 -1
760 -0.278660 -0.326710 0.656005 -0.620699 -4.586367 1.105591 -4.238618 1 00760.png
0.0 0.0 -1
761 -0.288733 -0.342119 0.641687 -0.622757 -4.720416 0.906602 -4.013314 1 00761.png
0.0 0.0 -1
762 -0.306745 -0.354008 0.652831 -0.595313 -4.846716 1.169527 -3.666795 1 00762.png
0.0 0.0 -1
763 -0.305940 -0.337173 0.660398 -0.597152 -4.679649 1.250008 -3.723326 1 00763.png
0.0 0.0 -1
764 -0.240146 -0.320849 0.648261 -0.647413 -4.203026 0.634627 -4.265589 1 00764.png
0.0 0.0 -1
765 0.233903 0.308082 -0.638153 0.665684 -4.053448 0.456765 -4.308373 1 00765.png
0.0 0.0 -1
766 0.232933 0.302751 -0.626324 0.679560 -3.979085 0.278615 -4.257855 1 00766.png
0.0 0.0 -1
767 0.270094 0.276359 -0.629179 0.674395 -3.989711 0.533075 -4.101500 1 00767.png
0.0 0.0 -1
768 0.292237 0.261002 -0.618177 0.681419 -3.972097 0.517219 -3.960057 1 00768.png
0.0 0.0 -1
769 0.285040 0.274547 -0.613063 0.683762 -3.982109 0.413459 -3.788121 1 00769.png
0.0 0.0 -1
770 0.288382 0.303809 -0.622390 0.661185 -4.125447 0.576472 -3.435083 1 00770.png
0.0 0.0 -1
771 0.296262 0.302573 -0.631167 0.649852 -4.102985 0.766902 -3.260759 1 00771.png
0.0 0.0 -1
772 -0.309926 -0.301930 0.638322 -0.636655 -4.094024 0.966450 -3.052156 1 00772.png
0.0 0.0 -1
773 -0.275257 -0.331388 0.640763 -0.635483 -4.091204 0.782623 -2.948565 1 00773.png
0.0 0.0 -1
774 0.209784 0.322124 -0.643378 0.662036 -3.743810 0.512381 -3.288221 1 00774.png
0.0 0.0 -1
775 -0.203730 -0.316038 0.660265 -0.650126 -3.659643 0.737039 -3.220102 1 00775.png
0.0 0.0 -1
776 -0.190884 -0.361475 0.668577 -0.621212 -3.810608 0.761978 -2.867648 1 00776.png
0.0 0.0 -1
777 -0.172379 -0.386472 0.675517 -0.603822 -3.812341 0.756129 -2.691045 1 00777.png
0.0 0.0 -1
778 -0.199915 -0.369665 0.683464 -0.596874 -3.751462 0.989155 -2.541043 1 00778.png
0.0 0.0 -1
779 -0.222220 -0.346945 0.687119 -0.598428 -3.640369 1.154467 -2.479928 1 00779.png
0.0 0.0 -1
780 -0.219522 -0.335478 0.696630 -0.594955 -3.512185 1.269518 -2.454427 1 00780.png
0.0 0.0 -1
781 -0.209143 -0.341940 0.704562 -0.585601 -3.446146 1.315972 -2.356398 1 00781.png
0.0 0.0 -1
782 -0.204442 -0.338708 0.708969 -0.583818 -3.338097 1.361138 -2.310375 1 00782.png
0.0 0.0 -1
783 -0.204411 -0.339229 0.703080 -0.590608 -3.258855 1.300977 -2.257449 1 00783.png
0.0 0.0 -1
784 -0.216501 -0.330170 0.710488 -0.582513 -3.152972 1.410853 -2.145711 1 00784.png
0.0 0.0 -1
785 -0.205489 -0.324817 0.717602 -0.580789 -3.017310 1.416020 -2.128217 1 00785.png
0.0 0.0 -1
786 -0.187033 -0.316034 0.725099 -0.582557 -2.847541 1.423629 -2.148448 1 00786.png
0.0 0.0 -1
787 -0.197595 -0.321620 0.712299 -0.591732 -2.809412 1.357079 -2.048439 1 00787.png
0.0 0.0 -1
788 -0.204337 -0.332420 0.709217 -0.587159 -2.775601 1.355977 -1.898533 1 00788.png
0.0 0.0 -1
789 -0.215951 -0.333787 0.721621 -0.566758 -2.686436 1.501440 -1.714282 1 00789.png
0.0 0.0 -1
790 -0.233760 -0.337241 0.740536 -0.532194 -2.573881 1.694590 -1.443097 1 00790.png
0.0 0.0 -1
791 -0.230710 -0.334081 0.759338 -0.508497 -2.402143 1.813115 -1.302629 1 00791.png
0.0 0.0 -1
792 -0.213912 -0.327117 0.769766 -0.504675 -2.232644 1.854864 -1.294405 1 00792.png
0.0 0.0 -1
793 -0.204275 -0.314172 0.760008 -0.530995 -2.080551 1.769540 -1.416874 1 00793.png
0.0 0.0 -1
794 -0.206285 -0.288582 0.758439 -0.546752 -1.887846 1.750420 -1.485673 1 00794.png
0.0 0.0 -1
795 -0.225138 -0.268249 0.748866 -0.562633 -1.749065 1.693565 -1.499493 1 00795.png
0.0 0.0 -1
796 -0.235308 -0.266640 0.728796 -0.585141 -1.691841 1.563517 -1.507515 1 00796.png
0.0 0.0 -1
797 -0.229494 -0.288311 0.723833 -0.583332 -1.695870 1.491628 -1.395670 1 00797.png
0.0 0.0 -1
798 -0.238961 -0.308491 0.725438 -0.566983 -1.692741 1.482005 -1.222768 1 00798.png
0.0 0.0 -1
799 -0.242465 -0.310504 0.730468 -0.557866 -1.602936 1.470336 -1.126748 1 00799.png
0.0 0.0 -1
800 -0.250077 -0.304563 0.720135 -0.571059 -1.518884 1.357695 -1.117021 1 00800.png
0.0 0.0 -1
801 -0.256203 -0.315104 0.703319 -0.583448 -1.500887 1.198211 -1.064696 1 00801.png
0.0 0.0 -1
802 -0.263010 -0.340288 0.695900 -0.575111 -1.527232 1.089067 -0.917322 1 00802.png
0.0 0.0 -1
803 -0.279545 -0.341835 0.702674 -0.557900 -1.498356 1.070172 -0.787127 1 00803.png
0.0 0.0 -1
804 -0.329437 -0.295921 0.701103 -0.558888 -1.390097 1.113148 -0.751019 1 00804.png
0.0 0.0 -1
805 -0.304519 -0.303171 0.696320 -0.574886 -1.386895 0.984029 -0.710424 1 00805.png
0.0 0.0 -1
806 -0.298594 -0.358746 0.672619 -0.574218 -1.476835 0.829939 -0.513167 1 00806.png
0.0 0.0 -1
807 -0.313858 -0.368766 0.677020 -0.554210 -1.448311 0.873505 -0.369954 1 00807.png
0.0 0.0 -1
808 -0.325747 -0.368498 0.681337 -0.542105 -1.402031 0.916930 -0.277360 1 00808.png
0.0 0.0 -1
809 -0.342142 -0.367347 0.672259 -0.544117 -1.363440 0.917745 -0.219865 1 00809.png
0.0 0.0 -1
810 -0.347274 -0.370923 0.670026 -0.541186 -1.310498 0.890221 -0.172591 1 00810.png
0.0 0.0 -1
811 -0.344414 -0.387343 0.671530 -0.529521 -1.253972 0.843781 -0.101808 1 00811.png
0.0 0.0 -1
812 -0.338395 -0.397442 0.674189 -0.522493 -1.173065 0.815688 -0.057583 1 00812.png
0.0 0.0 -1
813 -0.340779 -0.396542 0.679226 -0.515050 -1.075701 0.824411 -0.012728 1 00813.png
0.0 0.0 -1
814 -0.340211 -0.402644 0.676838 -0.513833 -0.990911 0.806100 0.029199 1 00814.png
0.0 0.0 -1
815 -0.344571 -0.415447 0.662729 -0.519100 -0.926463 0.760148 0.077237 1 00815.png
0.0 0.0 -1
816 -0.353361 -0.421586 0.651355 -0.522626 -0.852419 0.720274 0.114549 1 00816.png
0.0 0.0 -1
817 -0.352439 -0.416857 0.647076 -0.532268 -0.773245 0.672060 0.117879 1 00817.png
0.0 0.0 -1
818 -0.332024 -0.412494 0.636246 -0.561071 -0.709851 0.620428 0.098786 1 00818.png
0.0 0.0 -1
819 -0.332586 -0.423522 0.618580 -0.572167 -0.645252 0.586515 0.121859 1 00819.png
0.0 0.0 -1
820 -0.337378 -0.429737 0.611365 -0.572482 -0.568130 0.559861 0.138848 1 00820.png
0.0 0.0 -1
821 -0.340266 -0.450720 0.610852 -0.554915 -0.475385 0.529280 0.167734 1 00821.png
0.0 0.0 -1
822 -0.354893 -0.450011 0.608486 -0.548896 -0.372598 0.512257 0.155378 1 00822.png
0.0 0.0 -1
823 -0.362813 -0.454437 0.610042 -0.538240 -0.273407 0.471541 0.139339 1 00823.png
0.0 0.0 -1
824 -0.367713 -0.464704 0.598407 -0.539209 -0.181298 0.424828 0.122992 1 00824.png
0.0 0.0 -1
825 -0.379717 -0.458285 0.590538 -0.545027 -0.097212 0.383375 0.098055 1 00825.png
0.0 0.0 -1
826 -0.396211 -0.443167 0.599374 -0.536070 -0.002166 0.341562 0.079151 1 00826.png
0.0 0.0 -1
827 -0.406358 -0.445068 0.592336 -0.534720 0.044955 0.312677 0.055585 1 00827.png
0.0 0.0 -1
828 -0.428701 -0.417604 0.589189 -0.542843 0.079495 0.266427 0.036221 1 00828.png
0.0 0.0 -1
829 -0.436085 -0.409720 0.597593 -0.533706 0.108053 0.219384 0.024625 1 00829.png
0.0 0.0 -1
830 -0.432628 -0.427363 0.572039 -0.550423 0.128186 0.197297 0.009589 1 00830.png
0.0 0.0 -1
831 -0.437336 -0.436593 0.561126 -0.550692 0.152489 0.189889 -0.003438 1 00831.png
0.0 0.0 -1
832 -0.443031 -0.444460 0.552824 -0.548237 0.148614 0.187656 -0.017104 1 00832.png
0.0 0.0 -1
833 0.441071 0.448376 -0.547862 0.551600 0.134117 0.188785 -0.024635 1 00833.png
0.0 0.0 -1
834 0.434261 0.449898 -0.543919 0.559608 0.127515 0.186854 -0.024377 1 00834.png
0.0 0.0 -1
835 0.431988 0.448797 -0.548904 0.557380 0.126078 0.176715 -0.033599 1 00835.png
0.0 0.0 -1
836 0.424566 0.450549 -0.549145 0.561416 0.133138 0.168672 -0.042913 1 00836.png
0.0 0.0 -1
837 0.419649 0.450357 -0.553447 0.561043 0.137103 0.167207 -0.050815 1 00837.png
0.0 0.0 -1
838 -0.418706 -0.446382 0.559999 -0.558417 0.145117 0.169243 -0.050715 1 00838.png
0.0 0.0 -1
839 -0.412395 -0.447477 0.565475 -0.556716 0.153511 0.164640 -0.050078 1 00839.png
0.0 0.0 -1
840 -0.404902 -0.450727 0.569493 -0.555497 0.160549 0.147462 -0.046810 1 00840.png
0.0 0.0 -1
841 -0.404000 -0.455286 0.572442 -0.549371 0.155096 0.145636 -0.048428 1 00841.png
0.0 0.0 -1
842 -0.400545 -0.459991 0.569057 -0.551494 0.151634 0.158635 -0.055653 1 00842.png
0.0 0.0 -1
843 -0.394131 -0.467918 0.570387 -0.548062 0.146300 0.174169 -0.054100 1 00843.png
0.0 0.0 -1
844 -0.395670 -0.469458 0.568968 -0.547110 0.144816 0.180862 -0.049162 1 00844.png
0.0 0.0 -1
845 -0.392927 -0.473750 0.567729 -0.546675 0.143699 0.179680 -0.046152 1 00845.png
0.0 0.0 -1
846 -0.398594 -0.470854 0.563130 -0.549821 0.144286 0.162855 -0.048206 1 00846.png
0.0 0.0 -1
847 -0.396938 -0.468845 0.560145 -0.555754 0.151263 0.127917 -0.053026 1 00847.png
0.0 0.0 -1
848 0.399771 0.464683 -0.558465 0.558901 0.155834 0.107610 -0.052252 1 00848.png
0.0 0.0 -1
849 0.405269 0.460993 -0.557398 0.559062 0.153931 0.114456 -0.058132 1 00849.png
0.0 0.0 -1
850 -0.410647 -0.457340 0.558145 -0.557390 0.152055 0.113525 -0.058139 1 00850.png
0.0 0.0 -1
851 -0.423507 -0.447427 0.560596 -0.553339 0.148097 0.099761 -0.055630 1 00851.png
0.0 0.0 -1
852 -0.436155 -0.434958 0.564769 -0.549196 0.147206 0.085767 -0.060801 1 00852.png
0.0 0.0 -1
853 -0.438318 -0.437256 0.562770 -0.547699 0.144214 0.091497 -0.059600 1 00853.png
0.0 0.0 -1
854 -0.439303 -0.437811 0.562231 -0.547020 0.141421 0.092122 -0.059267 1 00854.png
0.0 0.0 -1
855 -0.440072 -0.438207 0.561476 -0.546860 0.140328 0.085334 -0.059735 1 00855.png
0.0 0.0 -1
856 -0.440780 -0.439669 0.560620 -0.545994 0.137636 0.087468 -0.057090 1 00856.png
0.0 0.0 -1
857 -0.441977 -0.440755 0.559687 -0.545106 0.139296 0.089143 -0.058664 1 00857.png
0.0 0.0 -1
858 -0.442291 -0.441150 0.559090 -0.545145 0.137952 0.086056 -0.063610 1 00858.png
0.0 0.0 -1
859 -0.442916 -0.441848 0.558571 -0.544605 0.134575 0.086049 -0.059172 1 00859.png
0.0 0.0 -1
860 -0.447783 -0.446704 0.554612 -0.540695 0.120531 0.087715 -0.057239 1 00860.png
0.0 0.0 -1
861 -0.449836 -0.447588 0.553754 -0.539137 0.111169 0.085102 -0.052498 1 00861.png
0.0 0.0 -1
862 -0.449039 -0.447170 0.553923 -0.539974 0.114640 0.084617 -0.053095 1 00862.png
0.0 0.0 -1
863 -0.449355 -0.447061 0.554129 -0.539591 0.115441 0.085004 -0.054986 1 00863.png
0.0 0.0 -1
864 -0.449138 -0.447062 0.554289 -0.539605 0.116913 0.086711 -0.056409 1 00864.png
0.0 0.0 -1
865 -0.448896 -0.447358 0.553974 -0.539886 0.115054 0.087941 -0.056102 1 00865.png
0.0 0.0 -1
866 -0.448928 -0.447241 0.553953 -0.539977 0.115261 0.086047 -0.055243 1 00866.png
0.0 0.0 -1
867 -0.449072 -0.447203 0.553996 -0.539844 0.115811 0.086765 -0.057158 1 00867.png
0.0 0.0 -1
868 -0.448680 -0.447327 0.553731 -0.540340 0.115897 0.087130 -0.055867 1 00868.png
0.0 0.0 -1
869 -0.449198 -0.447169 0.554066 -0.539696 0.114743 0.085588 -0.055203 1 00869.png
0.0 0.0 -1
870 -0.448751 -0.447244 0.553766 -0.540314 0.115933 0.085264 -0.054680 1 00870.png
0.0 0.0 -1
871 -0.449172 -0.447095 0.554133 -0.539710 0.116289 0.085698 -0.056749 1 00871.png
0.0 0.0 -1
872 -0.449148 -0.447168 0.553971 -0.539836 0.114909 0.085277 -0.055955 1 00872.png
0.0 0.0 -1
873 -0.449196 -0.447035 0.554189 -0.539683 0.116561 0.085745 -0.055821 1 00873.png
0.0 0.0 -1
874 -0.449030 -0.447262 0.553897 -0.539933 0.114866 0.085494 -0.055344 1 00874.png
0.0 0.0 -1
875 -0.449107 -0.447209 0.554009 -0.539797 0.115204 0.086246 -0.055460 1 00875.png
0.0 0.0 -1
876 -0.449142 -0.447220 0.554079 -0.539687 0.114650 0.086162 -0.055002 1 00876.png
0.0 0.0 -1
877 -0.449214 -0.447156 0.554138 -0.539620 0.115514 0.086133 -0.056139 1 00877.png
0.0 0.0 -1
878 -0.449072 -0.447201 0.554049 -0.539792 0.115817 0.086495 -0.056311 1 00878.png
0.0 0.0 -1
879 -0.448959 -0.447238 0.553904 -0.540005 0.115358 0.086122 -0.055851 1 00879.png
0.0 0.0 -1
880 -0.449154 -0.447342 0.553940 -0.539719 0.113267 0.086443 -0.054946 1 00880.png
0.0 0.0 -1
881 -0.449271 -0.447129 0.554127 -0.539605 0.114935 0.085891 -0.055655 1 00881.png
0.0 0.0 -1
882 -0.449086 -0.447260 0.553909 -0.539874 0.114673 0.085624 -0.055915 1 00882.png
0.0 0.0 -1
883 -0.449259 -0.447247 0.553994 -0.539654 0.113470 0.086039 -0.054745 1 00883.png
0.0 0.0 -1
884 -0.448942 -0.447150 0.553852 -0.540144 0.115432 0.084904 -0.054203 1 00884.png
0.0 0.0 -1
885 -0.449124 -0.447189 0.554168 -0.539635 0.115977 0.086950 -0.056074 1 00885.png
0.0 0.0 -1
886 -0.448711 -0.447258 0.553862 -0.540236 0.117261 0.086368 -0.057402 1 00886.png
0.0 0.0 -1
887 -0.449321 -0.447044 0.554077 -0.539686 0.116056 0.085234 -0.057272 1 00887.png
0.0 0.0 -1
888 -0.449192 -0.447039 0.554127 -0.539746 0.116761 0.085527 -0.056916 1 00888.png
0.0 0.0 -1
889 -0.449410 -0.447152 0.554022 -0.539579 0.113374 0.085105 -0.054448 1 00889.png
0.0 0.0 -1
890 -0.449296 -0.447113 0.554078 -0.539649 0.114135 0.085737 -0.053808 1 00890.png
0.0 0.0 -1
891 -0.449220 -0.447184 0.554023 -0.539709 0.114475 0.085928 -0.055022 1 00891.png
0.0 0.0 -1
892 -0.449164 -0.447129 0.554167 -0.539654 0.115601 0.086463 -0.055624 1 00892.png
0.0 0.0 -1
893 -0.449287 -0.447118 0.554086 -0.539644 0.114848 0.085649 -0.055056 1 00893.png
0.0 0.0 -1
894 -0.449294 -0.447175 0.554065 -0.539612 0.114150 0.085786 -0.054777 1 00894.png
0.0 0.0 -1
895 -0.449322 -0.447137 0.554111 -0.539573 0.114121 0.085812 -0.054881 1 00895.png
0.0 0.0 -1
896 -0.448832 -0.447214 0.553774 -0.540263 0.116091 0.085450 -0.055392 1 00896.png
0.0 0.0 -1
897 -0.449234 -0.447136 0.554131 -0.539627 0.115918 0.086294 -0.056494 1 00897.png
0.0 0.0 -1
898 -0.448829 -0.447248 0.553917 -0.540090 0.116216 0.086380 -0.055364 1 00898.png
0.0 0.0 -1
899 -0.449231 -0.447088 0.554138 -0.539662 0.116072 0.086024 -0.055572 1 00899.png
0.0 0.0 -1
900 -0.449206 -0.447089 0.554111 -0.539711 0.115531 0.085599 -0.055394 1 00900.png
0.0 0.0 -1
901 -0.449246 -0.447166 0.553966 -0.539761 0.114287 0.085595 -0.054545 1 00901.png
0.0 0.0 -1
902 -0.449126 -0.447060 0.554150 -0.539761 0.117010 0.086267 -0.056118 1 00902.png
0.0 0.0 -1
903 -0.449070 -0.446931 0.554100 -0.539964 0.119661 0.085305 -0.059394 1 00903.png
0.0 0.0 -1
904 -0.449323 -0.446959 0.554190 -0.539638 0.117385 0.085502 -0.058416 1 00904.png
0.0 0.0 -1
905 -0.449276 -0.447180 0.554027 -0.539663 0.114125 0.085545 -0.055099 1 00905.png
0.0 0.0 -1
906 -0.449287 -0.447109 0.554084 -0.539653 0.114430 0.085516 -0.053871 1 00906.png
0.0 0.0 -1
907 -0.449253 -0.447050 0.554161 -0.539651 0.116289 0.085721 -0.055460 1 00907.png
0.0 0.0 -1
908 -0.449313 -0.447109 0.554097 -0.539619 0.114806 0.085551 -0.055771 1 00908.png
0.0 0.0 -1
909 -0.449424 -0.447047 0.554140 -0.539533 0.114875 0.085644 -0.055851 1 00909.png
0.0 0.0 -1
910 -0.448915 -0.447321 0.553854 -0.540024 0.115398 0.086286 -0.055792 1 00910.png
0.0 0.0 -1
911 -0.449343 -0.447169 0.554039 -0.539603 0.113862 0.085849 -0.054841 1 00911.png
0.0 0.0 -1
912 -0.448666 -0.447325 0.553757 -0.540326 0.116318 0.086125 -0.055613 1 00912.png
0.0 0.0 -1
913 -0.448987 -0.447261 0.553884 -0.539982 0.115319 0.085691 -0.055431 1 00913.png
0.0 0.0 -1
914 -0.449215 -0.447100 0.554087 -0.539717 0.116160 0.085979 -0.056553 1 00914.png
0.0 0.0 -1
915 -0.448723 -0.447246 0.553806 -0.540294 0.117124 0.085940 -0.056529 1 00915.png
0.0 0.0 -1
916 -0.449182 -0.447193 0.554033 -0.539723 0.114759 0.086056 -0.055024 1 00916.png
0.0 0.0 -1
917 -0.449263 -0.447114 0.554050 -0.539704 0.114508 0.085340 -0.054094 1 00917.png
0.0 0.0 -1
